%!PS
%%BoundingBox: 18 76 270 278 
%%HiResBoundingBox: 18.37846 76.76128 269.1488 277.58566 
%%Creator: MetaPost 2.00
%%CreationDate: 2019.11.25:1241
%%Pages: 1
%*Font: fplmr 6.97382 9.96265 c6:8
%*Font: pplr8r 6.97382 9.96265 30:f88
%%BeginProlog
%%EndProlog
%%Page: 1 1
 0 0 0 setrgbcolor 0.5 0 dtransform exch truncate exch idtransform pop setlinewidth
 [] 0 setdash 1 setlinecap 1 setlinejoin 10 setmiterlimit
newpath 141.73889 271.6661 moveto
141.73889 248.04306 lineto stroke
newpath 141.73889 248.04306 moveto
141.73889 224.41972 lineto stroke
newpath 141.73889 224.41972 moveto
141.73889 200.79666 lineto stroke
 0 0.5 dtransform truncate idtransform setlinewidth pop
newpath 141.73889 200.79666 moveto
121.49036 177.17361 lineto stroke
newpath 141.73889 200.79666 moveto
263.22925 177.17361 lineto stroke
newpath 121.49036 177.17361 moveto
24.29802 153.55028 lineto stroke
newpath 121.49036 177.17361 moveto
145.78838 153.55028 lineto stroke
 0.5 0 dtransform exch truncate exch idtransform pop setlinewidth
newpath 145.78838 153.55028 moveto
145.78838 129.92722 lineto stroke
newpath 145.78838 129.92722 moveto
145.78838 106.30417 lineto stroke
newpath 145.78838 106.30417 moveto
145.78838 82.68083 lineto stroke
 1 1 1 setrgbcolor
newpath 147.40845 271.6661 moveto
147.40845 274.79732 144.8701 277.33566 141.73889 277.33566 curveto
138.60768 277.33566 136.06934 274.79732 136.06934 271.6661 curveto
136.06934 268.5349 138.60768 265.99655 141.73889 265.99655 curveto
144.8701 265.99655 147.40845 268.5349 147.40845 271.6661 curveto
 closepath fill
 0 0 0 setrgbcolor 0 0.5 dtransform truncate idtransform setlinewidth pop
newpath 147.40845 271.6661 moveto
147.40845 274.79732 144.8701 277.33566 141.73889 277.33566 curveto
138.60768 277.33566 136.06934 274.79732 136.06934 271.6661 curveto
136.06934 268.5349 138.60768 265.99655 141.73889 265.99655 curveto
144.8701 265.99655 147.40845 268.5349 147.40845 271.6661 curveto
 closepath stroke
139.13425 269.2584 moveto
(\306) fplmr 6.97382 fshow
 1 1 1 setrgbcolor
newpath 147.40845 248.04306 moveto
147.40845 251.17427 144.8701 253.71262 141.73889 253.71262 curveto
138.60768 253.71262 136.06934 251.17427 136.06934 248.04306 curveto
136.06934 244.91185 138.60768 242.3735 141.73889 242.3735 curveto
144.8701 242.3735 147.40845 244.91185 147.40845 248.04306 curveto
 closepath fill
 0 0 0 setrgbcolor
newpath 147.40845 248.04306 moveto
147.40845 251.17427 144.8701 253.71262 141.73889 253.71262 curveto
138.60768 253.71262 136.06934 251.17427 136.06934 248.04306 curveto
136.06934 244.91185 138.60768 242.3735 141.73889 242.3735 curveto
144.8701 242.3735 147.40845 244.91185 147.40845 248.04306 curveto
 closepath stroke
139.99544 245.7173 moveto
(0) pplr8r 6.97382 fshow
 1 1 1 setrgbcolor
newpath 147.40845 224.41972 moveto
147.40845 227.55093 144.8701 230.08928 141.73889 230.08928 curveto
138.60768 230.08928 136.06934 227.55093 136.06934 224.41972 curveto
136.06934 221.28851 138.60768 218.75017 141.73889 218.75017 curveto
144.8701 218.75017 147.40845 221.28851 147.40845 224.41972 curveto
 closepath fill
 0 0 0 setrgbcolor
newpath 147.40845 224.41972 moveto
147.40845 227.55093 144.8701 230.08928 141.73889 230.08928 curveto
138.60768 230.08928 136.06934 227.55093 136.06934 224.41972 curveto
136.06934 221.28851 138.60768 218.75017 141.73889 218.75017 curveto
144.8701 218.75017 147.40845 221.28851 147.40845 224.41972 curveto
 closepath stroke
139.99544 222.00677 moveto
(1) pplr8r 6.97382 fshow
 1 1 1 setrgbcolor
newpath 147.40845 200.79666 moveto
147.40845 203.92787 144.8701 206.46622 141.73889 206.46622 curveto
138.60768 206.46622 136.06934 203.92787 136.06934 200.79666 curveto
136.06934 197.66545 138.60768 195.1271 141.73889 195.1271 curveto
144.8701 195.1271 147.40845 197.66545 147.40845 200.79666 curveto
 closepath fill
 0 0 0 setrgbcolor
newpath 147.40845 200.79666 moveto
147.40845 203.92787 144.8701 206.46622 141.73889 206.46622 curveto
138.60768 206.46622 136.06934 203.92787 136.06934 200.79666 curveto
136.06934 197.66545 138.60768 195.1271 141.73889 195.1271 curveto
144.8701 195.1271 147.40845 197.66545 147.40845 200.79666 curveto
 closepath stroke
139.99544 198.436 moveto
(2) pplr8r 6.97382 fshow
 1 1 1 setrgbcolor
newpath 127.15991 177.17361 moveto
127.15991 180.30482 124.62157 182.84317 121.49036 182.84317 curveto
118.35915 182.84317 115.8208 180.30482 115.8208 177.17361 curveto
115.8208 174.0424 118.35915 171.50406 121.49036 171.50406 curveto
124.62157 171.50406 127.15991 174.0424 127.15991 177.17361 curveto
 closepath fill
 0 0 0 setrgbcolor
newpath 127.15991 177.17361 moveto
127.15991 180.30482 124.62157 182.84317 121.49036 182.84317 curveto
118.35915 182.84317 115.8208 180.30482 115.8208 177.17361 curveto
115.8208 174.0424 118.35915 171.50406 121.49036 171.50406 curveto
124.62157 171.50406 127.15991 174.0424 127.15991 177.17361 curveto
 closepath stroke
119.7469 174.84785 moveto
(3) pplr8r 6.97382 fshow
 1 1 1 setrgbcolor
newpath 268.8988 177.17361 moveto
268.8988 180.30482 266.36046 182.84317 263.22925 182.84317 curveto
260.09804 182.84317 257.5597 180.30482 257.5597 177.17361 curveto
257.5597 174.0424 260.09804 171.50406 263.22925 171.50406 curveto
266.36046 171.50406 268.8988 174.0424 268.8988 177.17361 curveto
 closepath fill
 0 0 0 setrgbcolor
newpath 268.8988 177.17361 moveto
268.8988 180.30482 266.36046 182.84317 263.22925 182.84317 curveto
260.09804 182.84317 257.5597 180.30482 257.5597 177.17361 curveto
257.5597 174.0424 260.09804 171.50406 263.22925 171.50406 curveto
266.36046 171.50406 268.8988 174.0424 268.8988 177.17361 curveto
 closepath stroke
261.4858 174.84785 moveto
(8) pplr8r 6.97382 fshow
 1 1 1 setrgbcolor
newpath 29.96758 153.55028 moveto
29.96758 156.68149 27.42923 159.21983 24.29802 159.21983 curveto
21.16681 159.21983 18.62846 156.68149 18.62846 153.55028 curveto
18.62846 150.41907 21.16681 147.88072 24.29802 147.88072 curveto
27.42923 147.88072 29.96758 150.41907 29.96758 153.55028 curveto
 closepath fill
 0 0 0 setrgbcolor
newpath 29.96758 153.55028 moveto
29.96758 156.68149 27.42923 159.21983 24.29802 159.21983 curveto
21.16681 159.21983 18.62846 156.68149 18.62846 153.55028 curveto
18.62846 150.41907 21.16681 147.88072 24.29802 147.88072 curveto
27.42923 147.88072 29.96758 150.41907 29.96758 153.55028 curveto
 closepath stroke
22.55457 151.13733 moveto
(4) pplr8r 6.97382 fshow
 1 1 1 setrgbcolor
newpath 151.45793 153.55028 moveto
151.45793 156.68149 148.91959 159.21983 145.78838 159.21983 curveto
142.65717 159.21983 140.11882 156.68149 140.11882 153.55028 curveto
140.11882 150.41907 142.65717 147.88072 145.78838 147.88072 curveto
148.91959 147.88072 151.45793 150.41907 151.45793 153.55028 curveto
 closepath fill
 0 0 0 setrgbcolor
newpath 151.45793 153.55028 moveto
151.45793 156.68149 148.91959 159.21983 145.78838 159.21983 curveto
142.65717 159.21983 140.11882 156.68149 140.11882 153.55028 curveto
140.11882 150.41907 142.65717 147.88072 145.78838 147.88072 curveto
148.91959 147.88072 151.45793 150.41907 151.45793 153.55028 curveto
 closepath stroke
144.04492 151.22452 moveto
(8) pplr8r 6.97382 fshow
 1 1 1 setrgbcolor
newpath 151.45793 129.92722 moveto
151.45793 133.05843 148.91959 135.59677 145.78838 135.59677 curveto
142.65717 135.59677 140.11882 133.05843 140.11882 129.92722 curveto
140.11882 126.796 142.65717 124.25766 145.78838 124.25766 curveto
148.91959 124.25766 151.45793 126.796 151.45793 129.92722 curveto
 closepath fill
 0 0 0 setrgbcolor
newpath 151.45793 129.92722 moveto
151.45793 133.05843 148.91959 135.59677 145.78838 135.59677 curveto
142.65717 135.59677 140.11882 133.05843 140.11882 129.92722 curveto
140.11882 126.796 142.65717 124.25766 145.78838 124.25766 curveto
148.91959 124.25766 151.45793 126.796 151.45793 129.92722 curveto
 closepath stroke
142.30147 127.51427 moveto
(11) pplr8r 6.97382 fshow
 1 1 1 setrgbcolor
newpath 151.45793 106.30417 moveto
151.45793 109.43538 148.91959 111.97372 145.78838 111.97372 curveto
142.65717 111.97372 140.11882 109.43538 140.11882 106.30417 curveto
140.11882 103.17296 142.65717 100.63461 145.78838 100.63461 curveto
148.91959 100.63461 151.45793 103.17296 151.45793 106.30417 curveto
 closepath fill
 0 0 0 setrgbcolor
newpath 151.45793 106.30417 moveto
151.45793 109.43538 148.91959 111.97372 145.78838 111.97372 curveto
142.65717 111.97372 140.11882 109.43538 140.11882 106.30417 curveto
140.11882 103.17296 142.65717 100.63461 145.78838 100.63461 curveto
148.91959 100.63461 151.45793 103.17296 151.45793 106.30417 curveto
 closepath stroke
142.30147 103.92612 moveto
(13) pplr8r 6.97382 fshow
 1 1 1 setrgbcolor
newpath 151.45793 82.68083 moveto
151.45793 85.81204 148.91959 88.35039 145.78838 88.35039 curveto
142.65717 88.35039 140.11882 85.81204 140.11882 82.68083 curveto
140.11882 79.54962 142.65717 77.01128 145.78838 77.01128 curveto
148.91959 77.01128 151.45793 79.54962 151.45793 82.68083 curveto
 closepath fill
 0 0 0 setrgbcolor
newpath 151.45793 82.68083 moveto
151.45793 85.81204 148.91959 88.35039 145.78838 88.35039 curveto
142.65717 88.35039 140.11882 85.81204 140.11882 82.68083 curveto
140.11882 79.54962 142.65717 77.01128 145.78838 77.01128 curveto
148.91959 77.01128 151.45793 79.54962 151.45793 82.68083 curveto
 closepath stroke
142.30147 80.26788 moveto
(14) pplr8r 6.97382 fshow
showpage
%%EOF
