%!PS
%%BoundingBox: -4 205 287 276 
%%HiResBoundingBox: -3.08478 205.98009 286.56256 275.93214 
%%Creator: MetaPost 2.00
%%CreationDate: 2019.11.25:1046
%%Pages: 1
%%BeginProlog
%%EndProlog
%%Page: 1 1
 0 0 0 setrgbcolor 0 0.5 dtransform truncate idtransform setlinewidth pop
 [] 0 setdash 1 setlinecap 1 setlinejoin 10 setmiterlimit
newpath 141.73889 272.84737 moveto
23.62305 251.58653 lineto stroke
newpath 141.73889 272.84737 moveto
94.4925 251.58653 lineto stroke
newpath 141.73889 272.84737 moveto
212.60834 251.58653 lineto stroke
 0.5 0 dtransform exch truncate exch idtransform pop setlinewidth
newpath 94.4925 251.58653 moveto
94.4925 230.3257 lineto stroke
newpath 212.60834 251.58653 moveto
212.60834 230.3257 lineto stroke
newpath 212.60834 230.3257 moveto
212.60834 209.06487 lineto stroke
 1 1 1 setrgbcolor
newpath 142.30585 272.84737 moveto
142.30585 273.16048 142.052 273.41432 141.73889 273.41432 curveto
141.42578 273.41432 141.17194 273.16048 141.17194 272.84737 curveto
141.17194 272.53426 141.42578 272.28041 141.73889 272.28041 curveto
142.052 272.28041 142.30585 272.53426 142.30585 272.84737 curveto
 closepath fill
 0 0 0 setrgbcolor 0 0.5 dtransform truncate idtransform setlinewidth pop
newpath 142.30585 272.84737 moveto
142.30585 273.16048 142.052 273.41432 141.73889 273.41432 curveto
141.42578 273.41432 141.17194 273.16048 141.17194 272.84737 curveto
141.17194 272.53426 141.42578 272.28041 141.73889 272.28041 curveto
142.052 272.28041 142.30585 272.53426 142.30585 272.84737 curveto
 closepath stroke
 1 1 1 setrgbcolor
newpath 24.19 251.58653 moveto
24.19 251.89964 23.93616 252.15349 23.62305 252.15349 curveto
23.30994 252.15349 23.05609 251.89964 23.05609 251.58653 curveto
23.05609 251.27342 23.30994 251.01958 23.62305 251.01958 curveto
23.93616 251.01958 24.19 251.27342 24.19 251.58653 curveto
 closepath fill
 0 0 0 setrgbcolor
newpath 24.19 251.58653 moveto
24.19 251.89964 23.93616 252.15349 23.62305 252.15349 curveto
23.30994 252.15349 23.05609 251.89964 23.05609 251.58653 curveto
23.05609 251.27342 23.30994 251.01958 23.62305 251.01958 curveto
23.93616 251.01958 24.19 251.27342 24.19 251.58653 curveto
 closepath stroke
 1 1 1 setrgbcolor
newpath 95.05945 251.58653 moveto
95.05945 251.89964 94.8056 252.15349 94.4925 252.15349 curveto
94.17938 252.15349 93.92554 251.89964 93.92554 251.58653 curveto
93.92554 251.27342 94.17938 251.01958 94.4925 251.01958 curveto
94.8056 251.01958 95.05945 251.27342 95.05945 251.58653 curveto
 closepath fill
 0 0 0 setrgbcolor
newpath 95.05945 251.58653 moveto
95.05945 251.89964 94.8056 252.15349 94.4925 252.15349 curveto
94.17938 252.15349 93.92554 251.89964 93.92554 251.58653 curveto
93.92554 251.27342 94.17938 251.01958 94.4925 251.01958 curveto
94.8056 251.01958 95.05945 251.27342 95.05945 251.58653 curveto
 closepath stroke
 1 1 1 setrgbcolor
newpath 213.1753 251.58653 moveto
213.1753 251.89964 212.92145 252.15349 212.60834 252.15349 curveto
212.29523 252.15349 212.04138 251.89964 212.04138 251.58653 curveto
212.04138 251.27342 212.29523 251.01958 212.60834 251.01958 curveto
212.92145 251.01958 213.1753 251.27342 213.1753 251.58653 curveto
 closepath fill
 0 0 0 setrgbcolor
newpath 213.1753 251.58653 moveto
213.1753 251.89964 212.92145 252.15349 212.60834 252.15349 curveto
212.29523 252.15349 212.04138 251.89964 212.04138 251.58653 curveto
212.04138 251.27342 212.29523 251.01958 212.60834 251.01958 curveto
212.92145 251.01958 213.1753 251.27342 213.1753 251.58653 curveto
 closepath stroke
 1 1 1 setrgbcolor
newpath 213.1753 230.3257 moveto
213.1753 230.63881 212.92145 230.89265 212.60834 230.89265 curveto
212.29523 230.89265 212.04138 230.63881 212.04138 230.3257 curveto
212.04138 230.01259 212.29523 229.75874 212.60834 229.75874 curveto
212.92145 229.75874 213.1753 230.01259 213.1753 230.3257 curveto
 closepath fill
 0 0 0 setrgbcolor
newpath 213.1753 230.3257 moveto
213.1753 230.63881 212.92145 230.89265 212.60834 230.89265 curveto
212.29523 230.89265 212.04138 230.63881 212.04138 230.3257 curveto
212.04138 230.01259 212.29523 229.75874 212.60834 229.75874 curveto
212.92145 229.75874 213.1753 230.01259 213.1753 230.3257 curveto
 closepath stroke
 1 1 1 setrgbcolor
newpath 95.05945 230.3257 moveto
95.05945 230.63881 94.8056 230.89265 94.4925 230.89265 curveto
94.17938 230.89265 93.92554 230.63881 93.92554 230.3257 curveto
93.92554 230.01259 94.17938 229.75874 94.4925 229.75874 curveto
94.8056 229.75874 95.05945 230.01259 95.05945 230.3257 curveto
 closepath fill
 0 0 0 setrgbcolor
newpath 95.05945 230.3257 moveto
95.05945 230.63881 94.8056 230.89265 94.4925 230.89265 curveto
94.17938 230.89265 93.92554 230.63881 93.92554 230.3257 curveto
93.92554 230.01259 94.17938 229.75874 94.4925 229.75874 curveto
94.8056 229.75874 95.05945 230.01259 95.05945 230.3257 curveto
 closepath stroke
 1 1 1 setrgbcolor
newpath 213.1753 209.06487 moveto
213.1753 209.37798 212.92145 209.63182 212.60834 209.63182 curveto
212.29523 209.63182 212.04138 209.37798 212.04138 209.06487 curveto
212.04138 208.75175 212.29523 208.49791 212.60834 208.49791 curveto
212.92145 208.49791 213.1753 208.75175 213.1753 209.06487 curveto
 closepath fill
 0 0 0 setrgbcolor
newpath 213.1753 209.06487 moveto
213.1753 209.37798 212.92145 209.63182 212.60834 209.63182 curveto
212.29523 209.63182 212.04138 209.37798 212.04138 209.06487 curveto
212.04138 208.75175 212.29523 208.49791 212.60834 208.49791 curveto
212.92145 208.49791 213.1753 208.75175 213.1753 209.06487 curveto
 closepath stroke
newpath -2.83478 220.40398 moveto
-2.83478 206.23009 lineto
11.33911 206.23009 lineto stroke
newpath 272.13867 206.23009 moveto
286.31256 206.23009 lineto
286.31256 220.40398 lineto stroke
newpath 272.13867 275.68214 moveto
286.31256 275.68214 lineto
286.31256 261.50826 lineto stroke
newpath -2.83478 261.50826 moveto
-2.83478 275.68214 lineto
11.33911 275.68214 lineto stroke
showpage
%%EOF
