%!PS
%%BoundingBox: -4 209 287 273 
%%HiResBoundingBox: -3.08478 209.52356 286.56256 272.38867 
%%Creator: MetaPost 2.00
%%CreationDate: 2019.11.25:1046
%%Pages: 1
%%BeginProlog
%%EndProlog
%%Page: 1 1
 0 0 0 setrgbcolor 0 0.5 dtransform truncate idtransform setlinewidth pop
 [] 0 setdash 1 setlinecap 1 setlinejoin 10 setmiterlimit
newpath 141.73889 269.3039 moveto
80.99358 240.95612 lineto stroke
newpath 141.73889 269.3039 moveto
182.23567 240.95612 lineto stroke
newpath 141.73889 269.3039 moveto
222.73247 240.95612 lineto stroke
newpath 141.73889 269.3039 moveto
263.22925 240.95612 lineto stroke
newpath 80.99358 240.95612 moveto
26.99786 212.60834 lineto stroke
 0.5 0 dtransform exch truncate exch idtransform pop setlinewidth
newpath 80.99358 240.95612 moveto
80.99358 212.60834 lineto stroke
 0 0.5 dtransform truncate idtransform setlinewidth pop
newpath 80.99358 240.95612 moveto
134.98929 212.60834 lineto stroke
 1 1 1 setrgbcolor
newpath 142.30585 269.3039 moveto
142.30585 269.617 142.052 269.87085 141.73889 269.87085 curveto
141.42578 269.87085 141.17194 269.617 141.17194 269.3039 curveto
141.17194 268.99078 141.42578 268.73694 141.73889 268.73694 curveto
142.052 268.73694 142.30585 268.99078 142.30585 269.3039 curveto
 closepath fill
 0 0 0 setrgbcolor
newpath 142.30585 269.3039 moveto
142.30585 269.617 142.052 269.87085 141.73889 269.87085 curveto
141.42578 269.87085 141.17194 269.617 141.17194 269.3039 curveto
141.17194 268.99078 141.42578 268.73694 141.73889 268.73694 curveto
142.052 268.73694 142.30585 268.99078 142.30585 269.3039 curveto
 closepath stroke
 1 1 1 setrgbcolor
newpath 81.56053 240.95612 moveto
81.56053 241.26923 81.30669 241.52307 80.99358 241.52307 curveto
80.68047 241.52307 80.42662 241.26923 80.42662 240.95612 curveto
80.42662 240.643 80.68047 240.38916 80.99358 240.38916 curveto
81.30669 240.38916 81.56053 240.643 81.56053 240.95612 curveto
 closepath fill
 0 0 0 setrgbcolor
newpath 81.56053 240.95612 moveto
81.56053 241.26923 81.30669 241.52307 80.99358 241.52307 curveto
80.68047 241.52307 80.42662 241.26923 80.42662 240.95612 curveto
80.42662 240.643 80.68047 240.38916 80.99358 240.38916 curveto
81.30669 240.38916 81.56053 240.643 81.56053 240.95612 curveto
 closepath stroke
 1 1 1 setrgbcolor
newpath 182.80263 240.95612 moveto
182.80263 241.26923 182.54878 241.52307 182.23567 241.52307 curveto
181.92256 241.52307 181.66872 241.26923 181.66872 240.95612 curveto
181.66872 240.643 181.92256 240.38916 182.23567 240.38916 curveto
182.54878 240.38916 182.80263 240.643 182.80263 240.95612 curveto
 closepath fill
 0 0 0 setrgbcolor
newpath 182.80263 240.95612 moveto
182.80263 241.26923 182.54878 241.52307 182.23567 241.52307 curveto
181.92256 241.52307 181.66872 241.26923 181.66872 240.95612 curveto
181.66872 240.643 181.92256 240.38916 182.23567 240.38916 curveto
182.54878 240.38916 182.80263 240.643 182.80263 240.95612 curveto
 closepath stroke
 1 1 1 setrgbcolor
newpath 223.29942 240.95612 moveto
223.29942 241.26923 223.04558 241.52307 222.73247 241.52307 curveto
222.41936 241.52307 222.16551 241.26923 222.16551 240.95612 curveto
222.16551 240.643 222.41936 240.38916 222.73247 240.38916 curveto
223.04558 240.38916 223.29942 240.643 223.29942 240.95612 curveto
 closepath fill
 0 0 0 setrgbcolor
newpath 223.29942 240.95612 moveto
223.29942 241.26923 223.04558 241.52307 222.73247 241.52307 curveto
222.41936 241.52307 222.16551 241.26923 222.16551 240.95612 curveto
222.16551 240.643 222.41936 240.38916 222.73247 240.38916 curveto
223.04558 240.38916 223.29942 240.643 223.29942 240.95612 curveto
 closepath stroke
 1 1 1 setrgbcolor
newpath 263.7962 240.95612 moveto
263.7962 241.26923 263.54236 241.52307 263.22925 241.52307 curveto
262.91614 241.52307 262.6623 241.26923 262.6623 240.95612 curveto
262.6623 240.643 262.91614 240.38916 263.22925 240.38916 curveto
263.54236 240.38916 263.7962 240.643 263.7962 240.95612 curveto
 closepath fill
 0 0 0 setrgbcolor
newpath 263.7962 240.95612 moveto
263.7962 241.26923 263.54236 241.52307 263.22925 241.52307 curveto
262.91614 241.52307 262.6623 241.26923 262.6623 240.95612 curveto
262.6623 240.643 262.91614 240.38916 263.22925 240.38916 curveto
263.54236 240.38916 263.7962 240.643 263.7962 240.95612 curveto
 closepath stroke
 1 1 1 setrgbcolor
newpath 27.56482 212.60834 moveto
27.56482 212.92145 27.31097 213.1753 26.99786 213.1753 curveto
26.68475 213.1753 26.43091 212.92145 26.43091 212.60834 curveto
26.43091 212.29523 26.68475 212.04138 26.99786 212.04138 curveto
27.31097 212.04138 27.56482 212.29523 27.56482 212.60834 curveto
 closepath fill
 0 0 0 setrgbcolor
newpath 27.56482 212.60834 moveto
27.56482 212.92145 27.31097 213.1753 26.99786 213.1753 curveto
26.68475 213.1753 26.43091 212.92145 26.43091 212.60834 curveto
26.43091 212.29523 26.68475 212.04138 26.99786 212.04138 curveto
27.31097 212.04138 27.56482 212.29523 27.56482 212.60834 curveto
 closepath stroke
 1 1 1 setrgbcolor
newpath 81.56053 212.60834 moveto
81.56053 212.92145 81.30669 213.1753 80.99358 213.1753 curveto
80.68047 213.1753 80.42662 212.92145 80.42662 212.60834 curveto
80.42662 212.29523 80.68047 212.04138 80.99358 212.04138 curveto
81.30669 212.04138 81.56053 212.29523 81.56053 212.60834 curveto
 closepath fill
 0 0 0 setrgbcolor
newpath 81.56053 212.60834 moveto
81.56053 212.92145 81.30669 213.1753 80.99358 213.1753 curveto
80.68047 213.1753 80.42662 212.92145 80.42662 212.60834 curveto
80.42662 212.29523 80.68047 212.04138 80.99358 212.04138 curveto
81.30669 212.04138 81.56053 212.29523 81.56053 212.60834 curveto
 closepath stroke
 1 1 1 setrgbcolor
newpath 135.55624 212.60834 moveto
135.55624 212.92145 135.3024 213.1753 134.98929 213.1753 curveto
134.67618 213.1753 134.42233 212.92145 134.42233 212.60834 curveto
134.42233 212.29523 134.67618 212.04138 134.98929 212.04138 curveto
135.3024 212.04138 135.55624 212.29523 135.55624 212.60834 curveto
 closepath fill
 0 0 0 setrgbcolor
newpath 135.55624 212.60834 moveto
135.55624 212.92145 135.3024 213.1753 134.98929 213.1753 curveto
134.67618 213.1753 134.42233 212.92145 134.42233 212.60834 curveto
134.42233 212.29523 134.67618 212.04138 134.98929 212.04138 curveto
135.3024 212.04138 135.55624 212.29523 135.55624 212.60834 curveto
 closepath stroke
newpath -2.83478 223.94745 moveto
-2.83478 209.77356 lineto
11.33911 209.77356 lineto stroke
newpath 272.13867 209.77356 moveto
286.31256 209.77356 lineto
286.31256 223.94745 lineto stroke
newpath 272.13867 272.13867 moveto
286.31256 272.13867 lineto
286.31256 257.96478 lineto stroke
newpath -2.83478 257.96478 moveto
-2.83478 272.13867 lineto
11.33911 272.13867 lineto stroke
showpage
%%EOF
