%!PS
%%BoundingBox: -4 209 287 273 
%%HiResBoundingBox: -3.08478 209.52356 286.56256 272.38867 
%%Creator: MetaPost 2.00
%%CreationDate: 2019.11.25:1241
%%Pages: 1
%%BeginProlog
%%EndProlog
%%Page: 1 1
 0 0 0 setrgbcolor 0 0.5 dtransform truncate idtransform setlinewidth pop
 [] 0 setdash 1 setlinecap 1 setlinejoin 10 setmiterlimit
newpath 141.73889 269.3039 moveto
20.24825 240.95612 lineto stroke
newpath 141.73889 269.3039 moveto
60.74504 240.95612 lineto stroke
newpath 141.73889 269.3039 moveto
121.49036 240.95612 lineto stroke
newpath 141.73889 269.3039 moveto
202.48393 240.95612 lineto stroke
newpath 141.73889 269.3039 moveto
263.22925 240.95612 lineto stroke
 0.5 0 dtransform exch truncate exch idtransform pop setlinewidth
newpath 121.49036 240.95612 moveto
121.49036 212.60834 lineto stroke
newpath 202.48393 240.95612 moveto
202.48393 212.60834 lineto stroke
 1 1 1 setrgbcolor
newpath 142.30585 269.3039 moveto
142.30585 269.617 142.052 269.87085 141.73889 269.87085 curveto
141.42578 269.87085 141.17194 269.617 141.17194 269.3039 curveto
141.17194 268.99078 141.42578 268.73694 141.73889 268.73694 curveto
142.052 268.73694 142.30585 268.99078 142.30585 269.3039 curveto
 closepath fill
 0 0 0 setrgbcolor 0 0.5 dtransform truncate idtransform setlinewidth pop
newpath 142.30585 269.3039 moveto
142.30585 269.617 142.052 269.87085 141.73889 269.87085 curveto
141.42578 269.87085 141.17194 269.617 141.17194 269.3039 curveto
141.17194 268.99078 141.42578 268.73694 141.73889 268.73694 curveto
142.052 268.73694 142.30585 268.99078 142.30585 269.3039 curveto
 closepath stroke
 1 1 1 setrgbcolor
newpath 20.8152 240.95612 moveto
20.8152 241.26923 20.56136 241.52307 20.24825 241.52307 curveto
19.93513 241.52307 19.68129 241.26923 19.68129 240.95612 curveto
19.68129 240.643 19.93513 240.38916 20.24825 240.38916 curveto
20.56136 240.38916 20.8152 240.643 20.8152 240.95612 curveto
 closepath fill
 0 0 0 setrgbcolor
newpath 20.8152 240.95612 moveto
20.8152 241.26923 20.56136 241.52307 20.24825 241.52307 curveto
19.93513 241.52307 19.68129 241.26923 19.68129 240.95612 curveto
19.68129 240.643 19.93513 240.38916 20.24825 240.38916 curveto
20.56136 240.38916 20.8152 240.643 20.8152 240.95612 curveto
 closepath stroke
 1 1 1 setrgbcolor
newpath 61.312 240.95612 moveto
61.312 241.26923 61.05815 241.52307 60.74504 241.52307 curveto
60.43193 241.52307 60.17809 241.26923 60.17809 240.95612 curveto
60.17809 240.643 60.43193 240.38916 60.74504 240.38916 curveto
61.05815 240.38916 61.312 240.643 61.312 240.95612 curveto
 closepath fill
 0 0 0 setrgbcolor
newpath 61.312 240.95612 moveto
61.312 241.26923 61.05815 241.52307 60.74504 241.52307 curveto
60.43193 241.52307 60.17809 241.26923 60.17809 240.95612 curveto
60.17809 240.643 60.43193 240.38916 60.74504 240.38916 curveto
61.05815 240.38916 61.312 240.643 61.312 240.95612 curveto
 closepath stroke
 1 1 1 setrgbcolor
newpath 122.05731 240.95612 moveto
122.05731 241.26923 121.80347 241.52307 121.49036 241.52307 curveto
121.17725 241.52307 120.9234 241.26923 120.9234 240.95612 curveto
120.9234 240.643 121.17725 240.38916 121.49036 240.38916 curveto
121.80347 240.38916 122.05731 240.643 122.05731 240.95612 curveto
 closepath fill
 0 0 0 setrgbcolor
newpath 122.05731 240.95612 moveto
122.05731 241.26923 121.80347 241.52307 121.49036 241.52307 curveto
121.17725 241.52307 120.9234 241.26923 120.9234 240.95612 curveto
120.9234 240.643 121.17725 240.38916 121.49036 240.38916 curveto
121.80347 240.38916 122.05731 240.643 122.05731 240.95612 curveto
 closepath stroke
 1 1 1 setrgbcolor
newpath 203.05089 240.95612 moveto
203.05089 241.26923 202.79704 241.52307 202.48393 241.52307 curveto
202.17082 241.52307 201.91698 241.26923 201.91698 240.95612 curveto
201.91698 240.643 202.17082 240.38916 202.48393 240.38916 curveto
202.79704 240.38916 203.05089 240.643 203.05089 240.95612 curveto
 closepath fill
 0 0 0 setrgbcolor
newpath 203.05089 240.95612 moveto
203.05089 241.26923 202.79704 241.52307 202.48393 241.52307 curveto
202.17082 241.52307 201.91698 241.26923 201.91698 240.95612 curveto
201.91698 240.643 202.17082 240.38916 202.48393 240.38916 curveto
202.79704 240.38916 203.05089 240.643 203.05089 240.95612 curveto
 closepath stroke
 1 1 1 setrgbcolor
newpath 263.7962 240.95612 moveto
263.7962 241.26923 263.54236 241.52307 263.22925 241.52307 curveto
262.91614 241.52307 262.6623 241.26923 262.6623 240.95612 curveto
262.6623 240.643 262.91614 240.38916 263.22925 240.38916 curveto
263.54236 240.38916 263.7962 240.643 263.7962 240.95612 curveto
 closepath fill
 0 0 0 setrgbcolor
newpath 263.7962 240.95612 moveto
263.7962 241.26923 263.54236 241.52307 263.22925 241.52307 curveto
262.91614 241.52307 262.6623 241.26923 262.6623 240.95612 curveto
262.6623 240.643 262.91614 240.38916 263.22925 240.38916 curveto
263.54236 240.38916 263.7962 240.643 263.7962 240.95612 curveto
 closepath stroke
 1 1 1 setrgbcolor
newpath 122.05731 212.60834 moveto
122.05731 212.92145 121.80347 213.1753 121.49036 213.1753 curveto
121.17725 213.1753 120.9234 212.92145 120.9234 212.60834 curveto
120.9234 212.29523 121.17725 212.04138 121.49036 212.04138 curveto
121.80347 212.04138 122.05731 212.29523 122.05731 212.60834 curveto
 closepath fill
 0 0 0 setrgbcolor
newpath 122.05731 212.60834 moveto
122.05731 212.92145 121.80347 213.1753 121.49036 213.1753 curveto
121.17725 213.1753 120.9234 212.92145 120.9234 212.60834 curveto
120.9234 212.29523 121.17725 212.04138 121.49036 212.04138 curveto
121.80347 212.04138 122.05731 212.29523 122.05731 212.60834 curveto
 closepath stroke
 1 1 1 setrgbcolor
newpath 203.05089 212.60834 moveto
203.05089 212.92145 202.79704 213.1753 202.48393 213.1753 curveto
202.17082 213.1753 201.91698 212.92145 201.91698 212.60834 curveto
201.91698 212.29523 202.17082 212.04138 202.48393 212.04138 curveto
202.79704 212.04138 203.05089 212.29523 203.05089 212.60834 curveto
 closepath fill
 0 0 0 setrgbcolor
newpath 203.05089 212.60834 moveto
203.05089 212.92145 202.79704 213.1753 202.48393 213.1753 curveto
202.17082 213.1753 201.91698 212.92145 201.91698 212.60834 curveto
201.91698 212.29523 202.17082 212.04138 202.48393 212.04138 curveto
202.79704 212.04138 203.05089 212.29523 203.05089 212.60834 curveto
 closepath stroke
newpath -2.83478 223.94745 moveto
-2.83478 209.77356 lineto
11.33911 209.77356 lineto stroke
newpath 272.13867 209.77356 moveto
286.31256 209.77356 lineto
286.31256 223.94745 lineto stroke
newpath 272.13867 272.13867 moveto
286.31256 272.13867 lineto
286.31256 257.96478 lineto stroke
newpath -2.83478 257.96478 moveto
-2.83478 272.13867 lineto
11.33911 272.13867 lineto stroke
showpage
%%EOF
