%!PS
%%BoundingBox: -4 209 287 273 
%%HiResBoundingBox: -3.08478 209.52356 286.56256 272.38867 
%%Creator: MetaPost 2.00
%%CreationDate: 2019.11.25:1241
%%Pages: 1
%%BeginProlog
%%EndProlog
%%Page: 1 1
 0 0 0 setrgbcolor 0 0.5 dtransform truncate idtransform setlinewidth pop
 [] 0 setdash 1 setlinecap 1 setlinejoin 10 setmiterlimit
newpath 141.73889 269.3039 moveto
20.24825 240.95612 lineto stroke
newpath 141.73889 269.3039 moveto
60.74504 240.95612 lineto stroke
newpath 141.73889 269.3039 moveto
101.24182 240.95612 lineto stroke
newpath 141.73889 269.3039 moveto
161.98714 240.95612 lineto stroke
newpath 141.73889 269.3039 moveto
222.73247 240.95612 lineto stroke
newpath 141.73889 269.3039 moveto
263.22925 240.95612 lineto stroke
 0.5 0 dtransform exch truncate exch idtransform pop setlinewidth
newpath 161.98714 240.95612 moveto
161.98714 212.60834 lineto stroke
 1 1 1 setrgbcolor
newpath 142.30585 269.3039 moveto
142.30585 269.617 142.052 269.87085 141.73889 269.87085 curveto
141.42578 269.87085 141.17194 269.617 141.17194 269.3039 curveto
141.17194 268.99078 141.42578 268.73694 141.73889 268.73694 curveto
142.052 268.73694 142.30585 268.99078 142.30585 269.3039 curveto
 closepath fill
 0 0 0 setrgbcolor 0 0.5 dtransform truncate idtransform setlinewidth pop
newpath 142.30585 269.3039 moveto
142.30585 269.617 142.052 269.87085 141.73889 269.87085 curveto
141.42578 269.87085 141.17194 269.617 141.17194 269.3039 curveto
141.17194 268.99078 141.42578 268.73694 141.73889 268.73694 curveto
142.052 268.73694 142.30585 268.99078 142.30585 269.3039 curveto
 closepath stroke
 1 1 1 setrgbcolor
newpath 20.8152 240.95612 moveto
20.8152 241.26923 20.56136 241.52307 20.24825 241.52307 curveto
19.93513 241.52307 19.68129 241.26923 19.68129 240.95612 curveto
19.68129 240.643 19.93513 240.38916 20.24825 240.38916 curveto
20.56136 240.38916 20.8152 240.643 20.8152 240.95612 curveto
 closepath fill
 0 0 0 setrgbcolor
newpath 20.8152 240.95612 moveto
20.8152 241.26923 20.56136 241.52307 20.24825 241.52307 curveto
19.93513 241.52307 19.68129 241.26923 19.68129 240.95612 curveto
19.68129 240.643 19.93513 240.38916 20.24825 240.38916 curveto
20.56136 240.38916 20.8152 240.643 20.8152 240.95612 curveto
 closepath stroke
 1 1 1 setrgbcolor
newpath 61.312 240.95612 moveto
61.312 241.26923 61.05815 241.52307 60.74504 241.52307 curveto
60.43193 241.52307 60.17809 241.26923 60.17809 240.95612 curveto
60.17809 240.643 60.43193 240.38916 60.74504 240.38916 curveto
61.05815 240.38916 61.312 240.643 61.312 240.95612 curveto
 closepath fill
 0 0 0 setrgbcolor
newpath 61.312 240.95612 moveto
61.312 241.26923 61.05815 241.52307 60.74504 241.52307 curveto
60.43193 241.52307 60.17809 241.26923 60.17809 240.95612 curveto
60.17809 240.643 60.43193 240.38916 60.74504 240.38916 curveto
61.05815 240.38916 61.312 240.643 61.312 240.95612 curveto
 closepath stroke
 1 1 1 setrgbcolor
newpath 101.80878 240.95612 moveto
101.80878 241.26923 101.55493 241.52307 101.24182 241.52307 curveto
100.92871 241.52307 100.67487 241.26923 100.67487 240.95612 curveto
100.67487 240.643 100.92871 240.38916 101.24182 240.38916 curveto
101.55493 240.38916 101.80878 240.643 101.80878 240.95612 curveto
 closepath fill
 0 0 0 setrgbcolor
newpath 101.80878 240.95612 moveto
101.80878 241.26923 101.55493 241.52307 101.24182 241.52307 curveto
100.92871 241.52307 100.67487 241.26923 100.67487 240.95612 curveto
100.67487 240.643 100.92871 240.38916 101.24182 240.38916 curveto
101.55493 240.38916 101.80878 240.643 101.80878 240.95612 curveto
 closepath stroke
 1 1 1 setrgbcolor
newpath 162.5541 240.95612 moveto
162.5541 241.26923 162.30025 241.52307 161.98714 241.52307 curveto
161.67403 241.52307 161.42018 241.26923 161.42018 240.95612 curveto
161.42018 240.643 161.67403 240.38916 161.98714 240.38916 curveto
162.30025 240.38916 162.5541 240.643 162.5541 240.95612 curveto
 closepath fill
 0 0 0 setrgbcolor
newpath 162.5541 240.95612 moveto
162.5541 241.26923 162.30025 241.52307 161.98714 241.52307 curveto
161.67403 241.52307 161.42018 241.26923 161.42018 240.95612 curveto
161.42018 240.643 161.67403 240.38916 161.98714 240.38916 curveto
162.30025 240.38916 162.5541 240.643 162.5541 240.95612 curveto
 closepath stroke
 1 1 1 setrgbcolor
newpath 223.29942 240.95612 moveto
223.29942 241.26923 223.04558 241.52307 222.73247 241.52307 curveto
222.41936 241.52307 222.16551 241.26923 222.16551 240.95612 curveto
222.16551 240.643 222.41936 240.38916 222.73247 240.38916 curveto
223.04558 240.38916 223.29942 240.643 223.29942 240.95612 curveto
 closepath fill
 0 0 0 setrgbcolor
newpath 223.29942 240.95612 moveto
223.29942 241.26923 223.04558 241.52307 222.73247 241.52307 curveto
222.41936 241.52307 222.16551 241.26923 222.16551 240.95612 curveto
222.16551 240.643 222.41936 240.38916 222.73247 240.38916 curveto
223.04558 240.38916 223.29942 240.643 223.29942 240.95612 curveto
 closepath stroke
 1 1 1 setrgbcolor
newpath 263.7962 240.95612 moveto
263.7962 241.26923 263.54236 241.52307 263.22925 241.52307 curveto
262.91614 241.52307 262.6623 241.26923 262.6623 240.95612 curveto
262.6623 240.643 262.91614 240.38916 263.22925 240.38916 curveto
263.54236 240.38916 263.7962 240.643 263.7962 240.95612 curveto
 closepath fill
 0 0 0 setrgbcolor
newpath 263.7962 240.95612 moveto
263.7962 241.26923 263.54236 241.52307 263.22925 241.52307 curveto
262.91614 241.52307 262.6623 241.26923 262.6623 240.95612 curveto
262.6623 240.643 262.91614 240.38916 263.22925 240.38916 curveto
263.54236 240.38916 263.7962 240.643 263.7962 240.95612 curveto
 closepath stroke
 1 1 1 setrgbcolor
newpath 162.5541 212.60834 moveto
162.5541 212.92145 162.30025 213.1753 161.98714 213.1753 curveto
161.67403 213.1753 161.42018 212.92145 161.42018 212.60834 curveto
161.42018 212.29523 161.67403 212.04138 161.98714 212.04138 curveto
162.30025 212.04138 162.5541 212.29523 162.5541 212.60834 curveto
 closepath fill
 0 0 0 setrgbcolor
newpath 162.5541 212.60834 moveto
162.5541 212.92145 162.30025 213.1753 161.98714 213.1753 curveto
161.67403 213.1753 161.42018 212.92145 161.42018 212.60834 curveto
161.42018 212.29523 161.67403 212.04138 161.98714 212.04138 curveto
162.30025 212.04138 162.5541 212.29523 162.5541 212.60834 curveto
 closepath stroke
newpath -2.83478 223.94745 moveto
-2.83478 209.77356 lineto
11.33911 209.77356 lineto stroke
newpath 272.13867 209.77356 moveto
286.31256 209.77356 lineto
286.31256 223.94745 lineto stroke
newpath 272.13867 272.13867 moveto
286.31256 272.13867 lineto
286.31256 257.96478 lineto stroke
newpath -2.83478 257.96478 moveto
-2.83478 272.13867 lineto
11.33911 272.13867 lineto stroke
showpage
%%EOF
