%!PS
%%BoundingBox: -4 201 287 281 
%%HiResBoundingBox: -3.08478 201.42403 286.56256 280.48792 
%%Creator: MetaPost 2.00
%%CreationDate: 2019.11.25:1241
%%Pages: 1
%%BeginProlog
%%EndProlog
%%Page: 1 1
 0 0 0 setrgbcolor 0.5 0 dtransform exch truncate exch idtransform pop setlinewidth
 [] 0 setdash 1 setlinecap 1 setlinejoin 10 setmiterlimit
newpath 141.73889 277.40314 moveto
141.73889 265.25414 lineto stroke
newpath 141.73889 265.25414 moveto
141.73889 253.10512 lineto stroke
newpath 141.73889 253.10512 moveto
141.73889 240.95612 lineto stroke
 0 0.5 dtransform truncate idtransform setlinewidth pop
newpath 141.73889 240.95612 moveto
90.19725 228.80682 lineto stroke
newpath 141.73889 240.95612 moveto
219.05093 228.80682 lineto stroke
newpath 141.73889 240.95612 moveto
270.5923 228.80682 lineto stroke
newpath 90.19725 228.80682 moveto
30.06566 216.65782 lineto stroke
newpath 90.19725 228.80682 moveto
105.23036 216.65782 lineto stroke
newpath 90.19725 228.80682 moveto
165.36194 216.65782 lineto stroke
newpath 219.05093 228.80682 moveto
199.72285 216.65782 lineto stroke
newpath 219.05093 228.80682 moveto
238.37901 216.65782 lineto stroke
 0.5 0 dtransform exch truncate exch idtransform pop setlinewidth
newpath 30.06566 216.65782 moveto
30.06566 204.5088 lineto stroke
 0 0.5 dtransform truncate idtransform setlinewidth pop
newpath 105.23036 216.65782 moveto
82.68083 204.5088 lineto stroke
newpath 105.23036 216.65782 moveto
127.7796 204.5088 lineto stroke
 1 1 1 setrgbcolor
newpath 142.30585 277.40314 moveto
142.30585 277.71625 142.052 277.9701 141.73889 277.9701 curveto
141.42578 277.9701 141.17194 277.71625 141.17194 277.40314 curveto
141.17194 277.09003 141.42578 276.83618 141.73889 276.83618 curveto
142.052 276.83618 142.30585 277.09003 142.30585 277.40314 curveto
 closepath fill
 0 0 0 setrgbcolor
newpath 142.30585 277.40314 moveto
142.30585 277.71625 142.052 277.9701 141.73889 277.9701 curveto
141.42578 277.9701 141.17194 277.71625 141.17194 277.40314 curveto
141.17194 277.09003 141.42578 276.83618 141.73889 276.83618 curveto
142.052 276.83618 142.30585 277.09003 142.30585 277.40314 curveto
 closepath stroke
 1 1 1 setrgbcolor
newpath 142.30585 265.25414 moveto
142.30585 265.56725 142.052 265.82109 141.73889 265.82109 curveto
141.42578 265.82109 141.17194 265.56725 141.17194 265.25414 curveto
141.17194 264.94102 141.42578 264.68718 141.73889 264.68718 curveto
142.052 264.68718 142.30585 264.94102 142.30585 265.25414 curveto
 closepath fill
 0 0 0 setrgbcolor
newpath 142.30585 265.25414 moveto
142.30585 265.56725 142.052 265.82109 141.73889 265.82109 curveto
141.42578 265.82109 141.17194 265.56725 141.17194 265.25414 curveto
141.17194 264.94102 141.42578 264.68718 141.73889 264.68718 curveto
142.052 264.68718 142.30585 264.94102 142.30585 265.25414 curveto
 closepath stroke
 1 1 1 setrgbcolor
newpath 142.30585 253.10512 moveto
142.30585 253.41823 142.052 253.67207 141.73889 253.67207 curveto
141.42578 253.67207 141.17194 253.41823 141.17194 253.10512 curveto
141.17194 252.792 141.42578 252.53816 141.73889 252.53816 curveto
142.052 252.53816 142.30585 252.792 142.30585 253.10512 curveto
 closepath fill
 0 0 0 setrgbcolor
newpath 142.30585 253.10512 moveto
142.30585 253.41823 142.052 253.67207 141.73889 253.67207 curveto
141.42578 253.67207 141.17194 253.41823 141.17194 253.10512 curveto
141.17194 252.792 141.42578 252.53816 141.73889 252.53816 curveto
142.052 252.53816 142.30585 252.792 142.30585 253.10512 curveto
 closepath stroke
 1 1 1 setrgbcolor
newpath 142.30585 240.95612 moveto
142.30585 241.26923 142.052 241.52307 141.73889 241.52307 curveto
141.42578 241.52307 141.17194 241.26923 141.17194 240.95612 curveto
141.17194 240.643 141.42578 240.38916 141.73889 240.38916 curveto
142.052 240.38916 142.30585 240.643 142.30585 240.95612 curveto
 closepath fill
 0 0 0 setrgbcolor
newpath 142.30585 240.95612 moveto
142.30585 241.26923 142.052 241.52307 141.73889 241.52307 curveto
141.42578 241.52307 141.17194 241.26923 141.17194 240.95612 curveto
141.17194 240.643 141.42578 240.38916 141.73889 240.38916 curveto
142.052 240.38916 142.30585 240.643 142.30585 240.95612 curveto
 closepath stroke
 1 1 1 setrgbcolor
newpath 90.7642 228.80682 moveto
90.7642 229.11993 90.51036 229.37378 90.19725 229.37378 curveto
89.88414 229.37378 89.6303 229.11993 89.6303 228.80682 curveto
89.6303 228.49371 89.88414 228.23987 90.19725 228.23987 curveto
90.51036 228.23987 90.7642 228.49371 90.7642 228.80682 curveto
 closepath fill
 0 0 0 setrgbcolor
newpath 90.7642 228.80682 moveto
90.7642 229.11993 90.51036 229.37378 90.19725 229.37378 curveto
89.88414 229.37378 89.6303 229.11993 89.6303 228.80682 curveto
89.6303 228.49371 89.88414 228.23987 90.19725 228.23987 curveto
90.51036 228.23987 90.7642 228.49371 90.7642 228.80682 curveto
 closepath stroke
 1 1 1 setrgbcolor
newpath 219.61789 228.80682 moveto
219.61789 229.11993 219.36404 229.37378 219.05093 229.37378 curveto
218.73782 229.37378 218.48398 229.11993 218.48398 228.80682 curveto
218.48398 228.49371 218.73782 228.23987 219.05093 228.23987 curveto
219.36404 228.23987 219.61789 228.49371 219.61789 228.80682 curveto
 closepath fill
 0 0 0 setrgbcolor
newpath 219.61789 228.80682 moveto
219.61789 229.11993 219.36404 229.37378 219.05093 229.37378 curveto
218.73782 229.37378 218.48398 229.11993 218.48398 228.80682 curveto
218.48398 228.49371 218.73782 228.23987 219.05093 228.23987 curveto
219.36404 228.23987 219.61789 228.49371 219.61789 228.80682 curveto
 closepath stroke
 1 1 1 setrgbcolor
newpath 271.15926 228.80682 moveto
271.15926 229.11993 270.90541 229.37378 270.5923 229.37378 curveto
270.27919 229.37378 270.02534 229.11993 270.02534 228.80682 curveto
270.02534 228.49371 270.27919 228.23987 270.5923 228.23987 curveto
270.90541 228.23987 271.15926 228.49371 271.15926 228.80682 curveto
 closepath fill
 0 0 0 setrgbcolor
newpath 271.15926 228.80682 moveto
271.15926 229.11993 270.90541 229.37378 270.5923 229.37378 curveto
270.27919 229.37378 270.02534 229.11993 270.02534 228.80682 curveto
270.02534 228.49371 270.27919 228.23987 270.5923 228.23987 curveto
270.90541 228.23987 271.15926 228.49371 271.15926 228.80682 curveto
 closepath stroke
 1 1 1 setrgbcolor
newpath 30.63261 216.65782 moveto
30.63261 216.97093 30.37877 217.22478 30.06566 217.22478 curveto
29.75255 217.22478 29.4987 216.97093 29.4987 216.65782 curveto
29.4987 216.34471 29.75255 216.09087 30.06566 216.09087 curveto
30.37877 216.09087 30.63261 216.34471 30.63261 216.65782 curveto
 closepath fill
 0 0 0 setrgbcolor
newpath 30.63261 216.65782 moveto
30.63261 216.97093 30.37877 217.22478 30.06566 217.22478 curveto
29.75255 217.22478 29.4987 216.97093 29.4987 216.65782 curveto
29.4987 216.34471 29.75255 216.09087 30.06566 216.09087 curveto
30.37877 216.09087 30.63261 216.34471 30.63261 216.65782 curveto
 closepath stroke
 1 1 1 setrgbcolor
newpath 200.28981 216.65782 moveto
200.28981 216.97093 200.03596 217.22478 199.72285 217.22478 curveto
199.40974 217.22478 199.1559 216.97093 199.1559 216.65782 curveto
199.1559 216.34471 199.40974 216.09087 199.72285 216.09087 curveto
200.03596 216.09087 200.28981 216.34471 200.28981 216.65782 curveto
 closepath fill
 0 0 0 setrgbcolor
newpath 200.28981 216.65782 moveto
200.28981 216.97093 200.03596 217.22478 199.72285 217.22478 curveto
199.40974 217.22478 199.1559 216.97093 199.1559 216.65782 curveto
199.1559 216.34471 199.40974 216.09087 199.72285 216.09087 curveto
200.03596 216.09087 200.28981 216.34471 200.28981 216.65782 curveto
 closepath stroke
 1 1 1 setrgbcolor
newpath 105.79732 216.65782 moveto
105.79732 216.97093 105.54347 217.22478 105.23036 217.22478 curveto
104.91725 217.22478 104.6634 216.97093 104.6634 216.65782 curveto
104.6634 216.34471 104.91725 216.09087 105.23036 216.09087 curveto
105.54347 216.09087 105.79732 216.34471 105.79732 216.65782 curveto
 closepath fill
 0 0 0 setrgbcolor
newpath 105.79732 216.65782 moveto
105.79732 216.97093 105.54347 217.22478 105.23036 217.22478 curveto
104.91725 217.22478 104.6634 216.97093 104.6634 216.65782 curveto
104.6634 216.34471 104.91725 216.09087 105.23036 216.09087 curveto
105.54347 216.09087 105.79732 216.34471 105.79732 216.65782 curveto
 closepath stroke
 1 1 1 setrgbcolor
newpath 165.9289 216.65782 moveto
165.9289 216.97093 165.67505 217.22478 165.36194 217.22478 curveto
165.04883 217.22478 164.79498 216.97093 164.79498 216.65782 curveto
164.79498 216.34471 165.04883 216.09087 165.36194 216.09087 curveto
165.67505 216.09087 165.9289 216.34471 165.9289 216.65782 curveto
 closepath fill
 0 0 0 setrgbcolor
newpath 165.9289 216.65782 moveto
165.9289 216.97093 165.67505 217.22478 165.36194 217.22478 curveto
165.04883 217.22478 164.79498 216.97093 164.79498 216.65782 curveto
164.79498 216.34471 165.04883 216.09087 165.36194 216.09087 curveto
165.67505 216.09087 165.9289 216.34471 165.9289 216.65782 curveto
 closepath stroke
 1 1 1 setrgbcolor
newpath 238.94597 216.65782 moveto
238.94597 216.97093 238.69212 217.22478 238.37901 217.22478 curveto
238.0659 217.22478 237.81206 216.97093 237.81206 216.65782 curveto
237.81206 216.34471 238.0659 216.09087 238.37901 216.09087 curveto
238.69212 216.09087 238.94597 216.34471 238.94597 216.65782 curveto
 closepath fill
 0 0 0 setrgbcolor
newpath 238.94597 216.65782 moveto
238.94597 216.97093 238.69212 217.22478 238.37901 217.22478 curveto
238.0659 217.22478 237.81206 216.97093 237.81206 216.65782 curveto
237.81206 216.34471 238.0659 216.09087 238.37901 216.09087 curveto
238.69212 216.09087 238.94597 216.34471 238.94597 216.65782 curveto
 closepath stroke
 1 1 1 setrgbcolor
newpath 83.24779 204.5088 moveto
83.24779 204.82191 82.99394 205.07576 82.68083 205.07576 curveto
82.36772 205.07576 82.11388 204.82191 82.11388 204.5088 curveto
82.11388 204.1957 82.36772 203.94185 82.68083 203.94185 curveto
82.99394 203.94185 83.24779 204.1957 83.24779 204.5088 curveto
 closepath fill
 0 0 0 setrgbcolor
newpath 83.24779 204.5088 moveto
83.24779 204.82191 82.99394 205.07576 82.68083 205.07576 curveto
82.36772 205.07576 82.11388 204.82191 82.11388 204.5088 curveto
82.11388 204.1957 82.36772 203.94185 82.68083 203.94185 curveto
82.99394 203.94185 83.24779 204.1957 83.24779 204.5088 curveto
 closepath stroke
 1 1 1 setrgbcolor
newpath 30.63261 204.5088 moveto
30.63261 204.82191 30.37877 205.07576 30.06566 205.07576 curveto
29.75255 205.07576 29.4987 204.82191 29.4987 204.5088 curveto
29.4987 204.1957 29.75255 203.94185 30.06566 203.94185 curveto
30.37877 203.94185 30.63261 204.1957 30.63261 204.5088 curveto
 closepath fill
 0 0 0 setrgbcolor
newpath 30.63261 204.5088 moveto
30.63261 204.82191 30.37877 205.07576 30.06566 205.07576 curveto
29.75255 205.07576 29.4987 204.82191 29.4987 204.5088 curveto
29.4987 204.1957 29.75255 203.94185 30.06566 203.94185 curveto
30.37877 203.94185 30.63261 204.1957 30.63261 204.5088 curveto
 closepath stroke
 1 1 1 setrgbcolor
newpath 128.34656 204.5088 moveto
128.34656 204.82191 128.09271 205.07576 127.7796 205.07576 curveto
127.46649 205.07576 127.21265 204.82191 127.21265 204.5088 curveto
127.21265 204.1957 127.46649 203.94185 127.7796 203.94185 curveto
128.09271 203.94185 128.34656 204.1957 128.34656 204.5088 curveto
 closepath fill
 0 0 0 setrgbcolor
newpath 128.34656 204.5088 moveto
128.34656 204.82191 128.09271 205.07576 127.7796 205.07576 curveto
127.46649 205.07576 127.21265 204.82191 127.21265 204.5088 curveto
127.21265 204.1957 127.46649 203.94185 127.7796 203.94185 curveto
128.09271 203.94185 128.34656 204.1957 128.34656 204.5088 curveto
 closepath stroke
newpath -2.83478 215.84792 moveto
-2.83478 201.67403 lineto
11.33911 201.67403 lineto stroke
newpath 272.13867 201.67403 moveto
286.31256 201.67403 lineto
286.31256 215.84792 lineto stroke
newpath 272.13867 280.23792 moveto
286.31256 280.23792 lineto
286.31256 266.06403 lineto stroke
newpath -2.83478 266.06403 moveto
-2.83478 280.23792 lineto
11.33911 280.23792 lineto stroke
showpage
%%EOF
