%!PS
%%BoundingBox: -4 205 287 276 
%%HiResBoundingBox: -3.08478 205.98009 286.56256 275.93214 
%%Creator: MetaPost 2.00
%%CreationDate: 2019.11.25:1046
%%Pages: 1
%%BeginProlog
%%EndProlog
%%Page: 1 1
 0 0 0 setrgbcolor 0 0.5 dtransform truncate idtransform setlinewidth pop
 [] 0 setdash 1 setlinecap 1 setlinejoin 10 setmiterlimit
newpath 141.73889 272.84737 moveto
35.43472 251.58653 lineto stroke
newpath 141.73889 272.84737 moveto
88.5868 251.58653 lineto stroke
newpath 141.73889 272.84737 moveto
159.45625 251.58653 lineto stroke
newpath 141.73889 272.84737 moveto
248.04306 251.58653 lineto stroke
 0.5 0 dtransform exch truncate exch idtransform pop setlinewidth
newpath 35.43472 251.58653 moveto
35.43472 230.3257 lineto stroke
newpath 159.45625 251.58653 moveto
159.45625 230.3257 lineto stroke
newpath 248.04306 251.58653 moveto
248.04306 230.3257 lineto stroke
newpath 159.45625 230.3257 moveto
159.45625 209.06487 lineto stroke
 1 1 1 setrgbcolor
newpath 142.30585 272.84737 moveto
142.30585 273.16048 142.052 273.41432 141.73889 273.41432 curveto
141.42578 273.41432 141.17194 273.16048 141.17194 272.84737 curveto
141.17194 272.53426 141.42578 272.28041 141.73889 272.28041 curveto
142.052 272.28041 142.30585 272.53426 142.30585 272.84737 curveto
 closepath fill
 0 0 0 setrgbcolor 0 0.5 dtransform truncate idtransform setlinewidth pop
newpath 142.30585 272.84737 moveto
142.30585 273.16048 142.052 273.41432 141.73889 273.41432 curveto
141.42578 273.41432 141.17194 273.16048 141.17194 272.84737 curveto
141.17194 272.53426 141.42578 272.28041 141.73889 272.28041 curveto
142.052 272.28041 142.30585 272.53426 142.30585 272.84737 curveto
 closepath stroke
 1 1 1 setrgbcolor
newpath 36.00168 251.58653 moveto
36.00168 251.89964 35.74783 252.15349 35.43472 252.15349 curveto
35.12161 252.15349 34.86777 251.89964 34.86777 251.58653 curveto
34.86777 251.27342 35.12161 251.01958 35.43472 251.01958 curveto
35.74783 251.01958 36.00168 251.27342 36.00168 251.58653 curveto
 closepath fill
 0 0 0 setrgbcolor
newpath 36.00168 251.58653 moveto
36.00168 251.89964 35.74783 252.15349 35.43472 252.15349 curveto
35.12161 252.15349 34.86777 251.89964 34.86777 251.58653 curveto
34.86777 251.27342 35.12161 251.01958 35.43472 251.01958 curveto
35.74783 251.01958 36.00168 251.27342 36.00168 251.58653 curveto
 closepath stroke
 1 1 1 setrgbcolor
newpath 89.15376 251.58653 moveto
89.15376 251.89964 88.89992 252.15349 88.5868 252.15349 curveto
88.2737 252.15349 88.01985 251.89964 88.01985 251.58653 curveto
88.01985 251.27342 88.2737 251.01958 88.5868 251.01958 curveto
88.89992 251.01958 89.15376 251.27342 89.15376 251.58653 curveto
 closepath fill
 0 0 0 setrgbcolor
newpath 89.15376 251.58653 moveto
89.15376 251.89964 88.89992 252.15349 88.5868 252.15349 curveto
88.2737 252.15349 88.01985 251.89964 88.01985 251.58653 curveto
88.01985 251.27342 88.2737 251.01958 88.5868 251.01958 curveto
88.89992 251.01958 89.15376 251.27342 89.15376 251.58653 curveto
 closepath stroke
 1 1 1 setrgbcolor
newpath 160.02321 251.58653 moveto
160.02321 251.89964 159.76936 252.15349 159.45625 252.15349 curveto
159.14314 252.15349 158.8893 251.89964 158.8893 251.58653 curveto
158.8893 251.27342 159.14314 251.01958 159.45625 251.01958 curveto
159.76936 251.01958 160.02321 251.27342 160.02321 251.58653 curveto
 closepath fill
 0 0 0 setrgbcolor
newpath 160.02321 251.58653 moveto
160.02321 251.89964 159.76936 252.15349 159.45625 252.15349 curveto
159.14314 252.15349 158.8893 251.89964 158.8893 251.58653 curveto
158.8893 251.27342 159.14314 251.01958 159.45625 251.01958 curveto
159.76936 251.01958 160.02321 251.27342 160.02321 251.58653 curveto
 closepath stroke
 1 1 1 setrgbcolor
newpath 248.61002 251.58653 moveto
248.61002 251.89964 248.35617 252.15349 248.04306 252.15349 curveto
247.72995 252.15349 247.4761 251.89964 247.4761 251.58653 curveto
247.4761 251.27342 247.72995 251.01958 248.04306 251.01958 curveto
248.35617 251.01958 248.61002 251.27342 248.61002 251.58653 curveto
 closepath fill
 0 0 0 setrgbcolor
newpath 248.61002 251.58653 moveto
248.61002 251.89964 248.35617 252.15349 248.04306 252.15349 curveto
247.72995 252.15349 247.4761 251.89964 247.4761 251.58653 curveto
247.4761 251.27342 247.72995 251.01958 248.04306 251.01958 curveto
248.35617 251.01958 248.61002 251.27342 248.61002 251.58653 curveto
 closepath stroke
 1 1 1 setrgbcolor
newpath 36.00168 230.3257 moveto
36.00168 230.63881 35.74783 230.89265 35.43472 230.89265 curveto
35.12161 230.89265 34.86777 230.63881 34.86777 230.3257 curveto
34.86777 230.01259 35.12161 229.75874 35.43472 229.75874 curveto
35.74783 229.75874 36.00168 230.01259 36.00168 230.3257 curveto
 closepath fill
 0 0 0 setrgbcolor
newpath 36.00168 230.3257 moveto
36.00168 230.63881 35.74783 230.89265 35.43472 230.89265 curveto
35.12161 230.89265 34.86777 230.63881 34.86777 230.3257 curveto
34.86777 230.01259 35.12161 229.75874 35.43472 229.75874 curveto
35.74783 229.75874 36.00168 230.01259 36.00168 230.3257 curveto
 closepath stroke
 1 1 1 setrgbcolor
newpath 160.02321 230.3257 moveto
160.02321 230.63881 159.76936 230.89265 159.45625 230.89265 curveto
159.14314 230.89265 158.8893 230.63881 158.8893 230.3257 curveto
158.8893 230.01259 159.14314 229.75874 159.45625 229.75874 curveto
159.76936 229.75874 160.02321 230.01259 160.02321 230.3257 curveto
 closepath fill
 0 0 0 setrgbcolor
newpath 160.02321 230.3257 moveto
160.02321 230.63881 159.76936 230.89265 159.45625 230.89265 curveto
159.14314 230.89265 158.8893 230.63881 158.8893 230.3257 curveto
158.8893 230.01259 159.14314 229.75874 159.45625 229.75874 curveto
159.76936 229.75874 160.02321 230.01259 160.02321 230.3257 curveto
 closepath stroke
 1 1 1 setrgbcolor
newpath 248.61002 230.3257 moveto
248.61002 230.63881 248.35617 230.89265 248.04306 230.89265 curveto
247.72995 230.89265 247.4761 230.63881 247.4761 230.3257 curveto
247.4761 230.01259 247.72995 229.75874 248.04306 229.75874 curveto
248.35617 229.75874 248.61002 230.01259 248.61002 230.3257 curveto
 closepath fill
 0 0 0 setrgbcolor
newpath 248.61002 230.3257 moveto
248.61002 230.63881 248.35617 230.89265 248.04306 230.89265 curveto
247.72995 230.89265 247.4761 230.63881 247.4761 230.3257 curveto
247.4761 230.01259 247.72995 229.75874 248.04306 229.75874 curveto
248.35617 229.75874 248.61002 230.01259 248.61002 230.3257 curveto
 closepath stroke
 1 1 1 setrgbcolor
newpath 160.02321 209.06487 moveto
160.02321 209.37798 159.76936 209.63182 159.45625 209.63182 curveto
159.14314 209.63182 158.8893 209.37798 158.8893 209.06487 curveto
158.8893 208.75175 159.14314 208.49791 159.45625 208.49791 curveto
159.76936 208.49791 160.02321 208.75175 160.02321 209.06487 curveto
 closepath fill
 0 0 0 setrgbcolor
newpath 160.02321 209.06487 moveto
160.02321 209.37798 159.76936 209.63182 159.45625 209.63182 curveto
159.14314 209.63182 158.8893 209.37798 158.8893 209.06487 curveto
158.8893 208.75175 159.14314 208.49791 159.45625 208.49791 curveto
159.76936 208.49791 160.02321 208.75175 160.02321 209.06487 curveto
 closepath stroke
newpath -2.83478 220.40398 moveto
-2.83478 206.23009 lineto
11.33911 206.23009 lineto stroke
newpath 272.13867 206.23009 moveto
286.31256 206.23009 lineto
286.31256 220.40398 lineto stroke
newpath 272.13867 275.68214 moveto
286.31256 275.68214 lineto
286.31256 261.50826 lineto stroke
newpath -2.83478 261.50826 moveto
-2.83478 275.68214 lineto
11.33911 275.68214 lineto stroke
showpage
%%EOF
