%!PS
%%BoundingBox: -4 202 287 280 
%%HiResBoundingBox: -3.08478 202.43661 286.56256 279.47562 
%%Creator: MetaPost 2.00
%%CreationDate: 2019.11.25:1241
%%Pages: 1
%%BeginProlog
%%EndProlog
%%Page: 1 1
 0 0 0 setrgbcolor 0.5 0 dtransform exch truncate exch idtransform pop setlinewidth
 [] 0 setdash 1 setlinecap 1 setlinejoin 10 setmiterlimit
newpath 141.73889 276.39084 moveto
141.73889 262.21666 lineto stroke
 0 0.5 dtransform truncate idtransform setlinewidth pop
newpath 141.73889 262.21666 moveto
106.30417 248.04306 lineto stroke
newpath 141.73889 262.21666 moveto
248.04306 248.04306 lineto stroke
newpath 106.30417 248.04306 moveto
79.72813 233.86917 lineto stroke
newpath 106.30417 248.04306 moveto
172.74428 233.86917 lineto stroke
newpath 106.30417 248.04306 moveto
199.32031 233.86917 lineto stroke
 0.5 0 dtransform exch truncate exch idtransform pop setlinewidth
newpath 248.04306 248.04306 moveto
248.04306 233.86917 lineto stroke
 0 0.5 dtransform truncate idtransform setlinewidth pop
newpath 79.72813 233.86917 moveto
15.94563 219.69528 lineto stroke
 0.5 0 dtransform exch truncate exch idtransform pop setlinewidth
newpath 79.72813 233.86917 moveto
79.72813 219.69528 lineto stroke
 0 0.5 dtransform truncate idtransform setlinewidth pop
newpath 79.72813 233.86917 moveto
143.51064 219.69528 lineto stroke
 0.5 0 dtransform exch truncate exch idtransform pop setlinewidth
newpath 248.04306 233.86917 moveto
248.04306 219.69528 lineto stroke
 0 0.5 dtransform truncate idtransform setlinewidth pop
newpath 79.72813 219.69528 moveto
55.8097 205.5214 lineto stroke
newpath 79.72813 219.69528 moveto
103.64656 205.5214 lineto stroke
 1 1 1 setrgbcolor
newpath 142.30585 276.39084 moveto
142.30585 276.70395 142.052 276.9578 141.73889 276.9578 curveto
141.42578 276.9578 141.17194 276.70395 141.17194 276.39084 curveto
141.17194 276.07773 141.42578 275.82388 141.73889 275.82388 curveto
142.052 275.82388 142.30585 276.07773 142.30585 276.39084 curveto
 closepath fill
 0 0 0 setrgbcolor
newpath 142.30585 276.39084 moveto
142.30585 276.70395 142.052 276.9578 141.73889 276.9578 curveto
141.42578 276.9578 141.17194 276.70395 141.17194 276.39084 curveto
141.17194 276.07773 141.42578 275.82388 141.73889 275.82388 curveto
142.052 275.82388 142.30585 276.07773 142.30585 276.39084 curveto
 closepath stroke
 1 1 1 setrgbcolor
newpath 142.30585 262.21666 moveto
142.30585 262.52977 142.052 262.78362 141.73889 262.78362 curveto
141.42578 262.78362 141.17194 262.52977 141.17194 262.21666 curveto
141.17194 261.90355 141.42578 261.6497 141.73889 261.6497 curveto
142.052 261.6497 142.30585 261.90355 142.30585 262.21666 curveto
 closepath fill
 0 0 0 setrgbcolor
newpath 142.30585 262.21666 moveto
142.30585 262.52977 142.052 262.78362 141.73889 262.78362 curveto
141.42578 262.78362 141.17194 262.52977 141.17194 262.21666 curveto
141.17194 261.90355 141.42578 261.6497 141.73889 261.6497 curveto
142.052 261.6497 142.30585 261.90355 142.30585 262.21666 curveto
 closepath stroke
 1 1 1 setrgbcolor
newpath 106.87112 248.04306 moveto
106.87112 248.35617 106.61728 248.61002 106.30417 248.61002 curveto
105.99106 248.61002 105.73721 248.35617 105.73721 248.04306 curveto
105.73721 247.72995 105.99106 247.4761 106.30417 247.4761 curveto
106.61728 247.4761 106.87112 247.72995 106.87112 248.04306 curveto
 closepath fill
 0 0 0 setrgbcolor
newpath 106.87112 248.04306 moveto
106.87112 248.35617 106.61728 248.61002 106.30417 248.61002 curveto
105.99106 248.61002 105.73721 248.35617 105.73721 248.04306 curveto
105.73721 247.72995 105.99106 247.4761 106.30417 247.4761 curveto
106.61728 247.4761 106.87112 247.72995 106.87112 248.04306 curveto
 closepath stroke
 1 1 1 setrgbcolor
newpath 248.61002 248.04306 moveto
248.61002 248.35617 248.35617 248.61002 248.04306 248.61002 curveto
247.72995 248.61002 247.4761 248.35617 247.4761 248.04306 curveto
247.4761 247.72995 247.72995 247.4761 248.04306 247.4761 curveto
248.35617 247.4761 248.61002 247.72995 248.61002 248.04306 curveto
 closepath fill
 0 0 0 setrgbcolor
newpath 248.61002 248.04306 moveto
248.61002 248.35617 248.35617 248.61002 248.04306 248.61002 curveto
247.72995 248.61002 247.4761 248.35617 247.4761 248.04306 curveto
247.4761 247.72995 247.72995 247.4761 248.04306 247.4761 curveto
248.35617 247.4761 248.61002 247.72995 248.61002 248.04306 curveto
 closepath stroke
 1 1 1 setrgbcolor
newpath 80.29509 233.86917 moveto
80.29509 234.18228 80.04124 234.43613 79.72813 234.43613 curveto
79.41502 234.43613 79.16118 234.18228 79.16118 233.86917 curveto
79.16118 233.55606 79.41502 233.30222 79.72813 233.30222 curveto
80.04124 233.30222 80.29509 233.55606 80.29509 233.86917 curveto
 closepath fill
 0 0 0 setrgbcolor
newpath 80.29509 233.86917 moveto
80.29509 234.18228 80.04124 234.43613 79.72813 234.43613 curveto
79.41502 234.43613 79.16118 234.18228 79.16118 233.86917 curveto
79.16118 233.55606 79.41502 233.30222 79.72813 233.30222 curveto
80.04124 233.30222 80.29509 233.55606 80.29509 233.86917 curveto
 closepath stroke
 1 1 1 setrgbcolor
newpath 248.61002 233.86917 moveto
248.61002 234.18228 248.35617 234.43613 248.04306 234.43613 curveto
247.72995 234.43613 247.4761 234.18228 247.4761 233.86917 curveto
247.4761 233.55606 247.72995 233.30222 248.04306 233.30222 curveto
248.35617 233.30222 248.61002 233.55606 248.61002 233.86917 curveto
 closepath fill
 0 0 0 setrgbcolor
newpath 248.61002 233.86917 moveto
248.61002 234.18228 248.35617 234.43613 248.04306 234.43613 curveto
247.72995 234.43613 247.4761 234.18228 247.4761 233.86917 curveto
247.4761 233.55606 247.72995 233.30222 248.04306 233.30222 curveto
248.35617 233.30222 248.61002 233.55606 248.61002 233.86917 curveto
 closepath stroke
 1 1 1 setrgbcolor
newpath 173.31123 233.86917 moveto
173.31123 234.18228 173.05739 234.43613 172.74428 234.43613 curveto
172.43117 234.43613 172.17732 234.18228 172.17732 233.86917 curveto
172.17732 233.55606 172.43117 233.30222 172.74428 233.30222 curveto
173.05739 233.30222 173.31123 233.55606 173.31123 233.86917 curveto
 closepath fill
 0 0 0 setrgbcolor
newpath 173.31123 233.86917 moveto
173.31123 234.18228 173.05739 234.43613 172.74428 234.43613 curveto
172.43117 234.43613 172.17732 234.18228 172.17732 233.86917 curveto
172.17732 233.55606 172.43117 233.30222 172.74428 233.30222 curveto
173.05739 233.30222 173.31123 233.55606 173.31123 233.86917 curveto
 closepath stroke
 1 1 1 setrgbcolor
newpath 199.88727 233.86917 moveto
199.88727 234.18228 199.63342 234.43613 199.32031 234.43613 curveto
199.0072 234.43613 198.75336 234.18228 198.75336 233.86917 curveto
198.75336 233.55606 199.0072 233.30222 199.32031 233.30222 curveto
199.63342 233.30222 199.88727 233.55606 199.88727 233.86917 curveto
 closepath fill
 0 0 0 setrgbcolor
newpath 199.88727 233.86917 moveto
199.88727 234.18228 199.63342 234.43613 199.32031 234.43613 curveto
199.0072 234.43613 198.75336 234.18228 198.75336 233.86917 curveto
198.75336 233.55606 199.0072 233.30222 199.32031 233.30222 curveto
199.63342 233.30222 199.88727 233.55606 199.88727 233.86917 curveto
 closepath stroke
 1 1 1 setrgbcolor
newpath 16.51259 219.69528 moveto
16.51259 220.00839 16.25874 220.26224 15.94563 220.26224 curveto
15.63252 220.26224 15.37868 220.00839 15.37868 219.69528 curveto
15.37868 219.38217 15.63252 219.12833 15.94563 219.12833 curveto
16.25874 219.12833 16.51259 219.38217 16.51259 219.69528 curveto
 closepath fill
 0 0 0 setrgbcolor
newpath 16.51259 219.69528 moveto
16.51259 220.00839 16.25874 220.26224 15.94563 220.26224 curveto
15.63252 220.26224 15.37868 220.00839 15.37868 219.69528 curveto
15.37868 219.38217 15.63252 219.12833 15.94563 219.12833 curveto
16.25874 219.12833 16.51259 219.38217 16.51259 219.69528 curveto
 closepath stroke
 1 1 1 setrgbcolor
newpath 80.29509 219.69528 moveto
80.29509 220.00839 80.04124 220.26224 79.72813 220.26224 curveto
79.41502 220.26224 79.16118 220.00839 79.16118 219.69528 curveto
79.16118 219.38217 79.41502 219.12833 79.72813 219.12833 curveto
80.04124 219.12833 80.29509 219.38217 80.29509 219.69528 curveto
 closepath fill
 0 0 0 setrgbcolor
newpath 80.29509 219.69528 moveto
80.29509 220.00839 80.04124 220.26224 79.72813 220.26224 curveto
79.41502 220.26224 79.16118 220.00839 79.16118 219.69528 curveto
79.16118 219.38217 79.41502 219.12833 79.72813 219.12833 curveto
80.04124 219.12833 80.29509 219.38217 80.29509 219.69528 curveto
 closepath stroke
 1 1 1 setrgbcolor
newpath 248.61002 219.69528 moveto
248.61002 220.00839 248.35617 220.26224 248.04306 220.26224 curveto
247.72995 220.26224 247.4761 220.00839 247.4761 219.69528 curveto
247.4761 219.38217 247.72995 219.12833 248.04306 219.12833 curveto
248.35617 219.12833 248.61002 219.38217 248.61002 219.69528 curveto
 closepath fill
 0 0 0 setrgbcolor
newpath 248.61002 219.69528 moveto
248.61002 220.00839 248.35617 220.26224 248.04306 220.26224 curveto
247.72995 220.26224 247.4761 220.00839 247.4761 219.69528 curveto
247.4761 219.38217 247.72995 219.12833 248.04306 219.12833 curveto
248.35617 219.12833 248.61002 219.38217 248.61002 219.69528 curveto
 closepath stroke
 1 1 1 setrgbcolor
newpath 144.07759 219.69528 moveto
144.07759 220.00839 143.82375 220.26224 143.51064 220.26224 curveto
143.19753 220.26224 142.94368 220.00839 142.94368 219.69528 curveto
142.94368 219.38217 143.19753 219.12833 143.51064 219.12833 curveto
143.82375 219.12833 144.07759 219.38217 144.07759 219.69528 curveto
 closepath fill
 0 0 0 setrgbcolor
newpath 144.07759 219.69528 moveto
144.07759 220.00839 143.82375 220.26224 143.51064 220.26224 curveto
143.19753 220.26224 142.94368 220.00839 142.94368 219.69528 curveto
142.94368 219.38217 143.19753 219.12833 143.51064 219.12833 curveto
143.82375 219.12833 144.07759 219.38217 144.07759 219.69528 curveto
 closepath stroke
 1 1 1 setrgbcolor
newpath 56.37665 205.5214 moveto
56.37665 205.8345 56.1228 206.08835 55.8097 206.08835 curveto
55.49658 206.08835 55.24274 205.8345 55.24274 205.5214 curveto
55.24274 205.20828 55.49658 204.95444 55.8097 204.95444 curveto
56.1228 204.95444 56.37665 205.20828 56.37665 205.5214 curveto
 closepath fill
 0 0 0 setrgbcolor
newpath 56.37665 205.5214 moveto
56.37665 205.8345 56.1228 206.08835 55.8097 206.08835 curveto
55.49658 206.08835 55.24274 205.8345 55.24274 205.5214 curveto
55.24274 205.20828 55.49658 204.95444 55.8097 204.95444 curveto
56.1228 204.95444 56.37665 205.20828 56.37665 205.5214 curveto
 closepath stroke
 1 1 1 setrgbcolor
newpath 104.21352 205.5214 moveto
104.21352 205.8345 103.95967 206.08835 103.64656 206.08835 curveto
103.33345 206.08835 103.0796 205.8345 103.0796 205.5214 curveto
103.0796 205.20828 103.33345 204.95444 103.64656 204.95444 curveto
103.95967 204.95444 104.21352 205.20828 104.21352 205.5214 curveto
 closepath fill
 0 0 0 setrgbcolor
newpath 104.21352 205.5214 moveto
104.21352 205.8345 103.95967 206.08835 103.64656 206.08835 curveto
103.33345 206.08835 103.0796 205.8345 103.0796 205.5214 curveto
103.0796 205.20828 103.33345 204.95444 103.64656 204.95444 curveto
103.95967 204.95444 104.21352 205.20828 104.21352 205.5214 curveto
 closepath stroke
newpath -2.83478 216.8605 moveto
-2.83478 202.68661 lineto
11.33911 202.68661 lineto stroke
newpath 272.13867 202.68661 moveto
286.31256 202.68661 lineto
286.31256 216.8605 lineto stroke
newpath 272.13867 279.22562 moveto
286.31256 279.22562 lineto
286.31256 265.05173 lineto stroke
newpath -2.83478 265.05173 moveto
-2.83478 279.22562 lineto
11.33911 279.22562 lineto stroke
showpage
%%EOF
