%!PS
%%BoundingBox: -4 205 287 276 
%%HiResBoundingBox: -3.08478 205.98009 286.56256 275.93214 
%%Creator: MetaPost 2.00
%%CreationDate: 2019.11.25:1241
%%Pages: 1
%%BeginProlog
%%EndProlog
%%Page: 1 1
 0 0 0 setrgbcolor 0 0.5 dtransform truncate idtransform setlinewidth pop
 [] 0 setdash 1 setlinecap 1 setlinejoin 10 setmiterlimit
newpath 141.73889 272.84737 moveto
77.31204 251.58653 lineto stroke
newpath 141.73889 272.84737 moveto
180.39478 251.58653 lineto stroke
newpath 141.73889 272.84737 moveto
244.82162 251.58653 lineto stroke
newpath 77.31204 251.58653 moveto
46.38718 230.3257 lineto stroke
newpath 77.31204 251.58653 moveto
108.23692 230.3257 lineto stroke
newpath 77.31204 251.58653 moveto
139.16179 230.3257 lineto stroke
 0.5 0 dtransform exch truncate exch idtransform pop setlinewidth
newpath 180.39478 251.58653 moveto
180.39478 230.3257 lineto stroke
 0 0.5 dtransform truncate idtransform setlinewidth pop
newpath 244.82162 251.58653 moveto
225.49353 230.3257 lineto stroke
newpath 244.82162 251.58653 moveto
264.1497 230.3257 lineto stroke
newpath 46.38718 230.3257 moveto
23.19359 209.06487 lineto stroke
newpath 46.38718 230.3257 moveto
69.58075 209.06487 lineto stroke
 1 1 1 setrgbcolor
newpath 142.30585 272.84737 moveto
142.30585 273.16048 142.052 273.41432 141.73889 273.41432 curveto
141.42578 273.41432 141.17194 273.16048 141.17194 272.84737 curveto
141.17194 272.53426 141.42578 272.28041 141.73889 272.28041 curveto
142.052 272.28041 142.30585 272.53426 142.30585 272.84737 curveto
 closepath fill
 0 0 0 setrgbcolor
newpath 142.30585 272.84737 moveto
142.30585 273.16048 142.052 273.41432 141.73889 273.41432 curveto
141.42578 273.41432 141.17194 273.16048 141.17194 272.84737 curveto
141.17194 272.53426 141.42578 272.28041 141.73889 272.28041 curveto
142.052 272.28041 142.30585 272.53426 142.30585 272.84737 curveto
 closepath stroke
 1 1 1 setrgbcolor
newpath 77.879 251.58653 moveto
77.879 251.89964 77.62515 252.15349 77.31204 252.15349 curveto
76.99893 252.15349 76.74509 251.89964 76.74509 251.58653 curveto
76.74509 251.27342 76.99893 251.01958 77.31204 251.01958 curveto
77.62515 251.01958 77.879 251.27342 77.879 251.58653 curveto
 closepath fill
 0 0 0 setrgbcolor
newpath 77.879 251.58653 moveto
77.879 251.89964 77.62515 252.15349 77.31204 252.15349 curveto
76.99893 252.15349 76.74509 251.89964 76.74509 251.58653 curveto
76.74509 251.27342 76.99893 251.01958 77.31204 251.01958 curveto
77.62515 251.01958 77.879 251.27342 77.879 251.58653 curveto
 closepath stroke
 1 1 1 setrgbcolor
newpath 180.96173 251.58653 moveto
180.96173 251.89964 180.70789 252.15349 180.39478 252.15349 curveto
180.08167 252.15349 179.82782 251.89964 179.82782 251.58653 curveto
179.82782 251.27342 180.08167 251.01958 180.39478 251.01958 curveto
180.70789 251.01958 180.96173 251.27342 180.96173 251.58653 curveto
 closepath fill
 0 0 0 setrgbcolor
newpath 180.96173 251.58653 moveto
180.96173 251.89964 180.70789 252.15349 180.39478 252.15349 curveto
180.08167 252.15349 179.82782 251.89964 179.82782 251.58653 curveto
179.82782 251.27342 180.08167 251.01958 180.39478 251.01958 curveto
180.70789 251.01958 180.96173 251.27342 180.96173 251.58653 curveto
 closepath stroke
 1 1 1 setrgbcolor
newpath 245.38858 251.58653 moveto
245.38858 251.89964 245.13474 252.15349 244.82162 252.15349 curveto
244.50851 252.15349 244.25467 251.89964 244.25467 251.58653 curveto
244.25467 251.27342 244.50851 251.01958 244.82162 251.01958 curveto
245.13474 251.01958 245.38858 251.27342 245.38858 251.58653 curveto
 closepath fill
 0 0 0 setrgbcolor
newpath 245.38858 251.58653 moveto
245.38858 251.89964 245.13474 252.15349 244.82162 252.15349 curveto
244.50851 252.15349 244.25467 251.89964 244.25467 251.58653 curveto
244.25467 251.27342 244.50851 251.01958 244.82162 251.01958 curveto
245.13474 251.01958 245.38858 251.27342 245.38858 251.58653 curveto
 closepath stroke
 1 1 1 setrgbcolor
newpath 226.06049 230.3257 moveto
226.06049 230.63881 225.80664 230.89265 225.49353 230.89265 curveto
225.18042 230.89265 224.92657 230.63881 224.92657 230.3257 curveto
224.92657 230.01259 225.18042 229.75874 225.49353 229.75874 curveto
225.80664 229.75874 226.06049 230.01259 226.06049 230.3257 curveto
 closepath fill
 0 0 0 setrgbcolor
newpath 226.06049 230.3257 moveto
226.06049 230.63881 225.80664 230.89265 225.49353 230.89265 curveto
225.18042 230.89265 224.92657 230.63881 224.92657 230.3257 curveto
224.92657 230.01259 225.18042 229.75874 225.49353 229.75874 curveto
225.80664 229.75874 226.06049 230.01259 226.06049 230.3257 curveto
 closepath stroke
 1 1 1 setrgbcolor
newpath 46.95413 230.3257 moveto
46.95413 230.63881 46.70029 230.89265 46.38718 230.89265 curveto
46.07407 230.89265 45.82022 230.63881 45.82022 230.3257 curveto
45.82022 230.01259 46.07407 229.75874 46.38718 229.75874 curveto
46.70029 229.75874 46.95413 230.01259 46.95413 230.3257 curveto
 closepath fill
 0 0 0 setrgbcolor
newpath 46.95413 230.3257 moveto
46.95413 230.63881 46.70029 230.89265 46.38718 230.89265 curveto
46.07407 230.89265 45.82022 230.63881 45.82022 230.3257 curveto
45.82022 230.01259 46.07407 229.75874 46.38718 229.75874 curveto
46.70029 229.75874 46.95413 230.01259 46.95413 230.3257 curveto
 closepath stroke
 1 1 1 setrgbcolor
newpath 180.96173 230.3257 moveto
180.96173 230.63881 180.70789 230.89265 180.39478 230.89265 curveto
180.08167 230.89265 179.82782 230.63881 179.82782 230.3257 curveto
179.82782 230.01259 180.08167 229.75874 180.39478 229.75874 curveto
180.70789 229.75874 180.96173 230.01259 180.96173 230.3257 curveto
 closepath fill
 0 0 0 setrgbcolor
newpath 180.96173 230.3257 moveto
180.96173 230.63881 180.70789 230.89265 180.39478 230.89265 curveto
180.08167 230.89265 179.82782 230.63881 179.82782 230.3257 curveto
179.82782 230.01259 180.08167 229.75874 180.39478 229.75874 curveto
180.70789 229.75874 180.96173 230.01259 180.96173 230.3257 curveto
 closepath stroke
 1 1 1 setrgbcolor
newpath 264.71666 230.3257 moveto
264.71666 230.63881 264.46281 230.89265 264.1497 230.89265 curveto
263.8366 230.89265 263.58275 230.63881 263.58275 230.3257 curveto
263.58275 230.01259 263.8366 229.75874 264.1497 229.75874 curveto
264.46281 229.75874 264.71666 230.01259 264.71666 230.3257 curveto
 closepath fill
 0 0 0 setrgbcolor
newpath 264.71666 230.3257 moveto
264.71666 230.63881 264.46281 230.89265 264.1497 230.89265 curveto
263.8366 230.89265 263.58275 230.63881 263.58275 230.3257 curveto
263.58275 230.01259 263.8366 229.75874 264.1497 229.75874 curveto
264.46281 229.75874 264.71666 230.01259 264.71666 230.3257 curveto
 closepath stroke
 1 1 1 setrgbcolor
newpath 108.80388 230.3257 moveto
108.80388 230.63881 108.55003 230.89265 108.23692 230.89265 curveto
107.92381 230.89265 107.66997 230.63881 107.66997 230.3257 curveto
107.66997 230.01259 107.92381 229.75874 108.23692 229.75874 curveto
108.55003 229.75874 108.80388 230.01259 108.80388 230.3257 curveto
 closepath fill
 0 0 0 setrgbcolor
newpath 108.80388 230.3257 moveto
108.80388 230.63881 108.55003 230.89265 108.23692 230.89265 curveto
107.92381 230.89265 107.66997 230.63881 107.66997 230.3257 curveto
107.66997 230.01259 107.92381 229.75874 108.23692 229.75874 curveto
108.55003 229.75874 108.80388 230.01259 108.80388 230.3257 curveto
 closepath stroke
 1 1 1 setrgbcolor
newpath 139.72874 230.3257 moveto
139.72874 230.63881 139.4749 230.89265 139.16179 230.89265 curveto
138.84868 230.89265 138.59483 230.63881 138.59483 230.3257 curveto
138.59483 230.01259 138.84868 229.75874 139.16179 229.75874 curveto
139.4749 229.75874 139.72874 230.01259 139.72874 230.3257 curveto
 closepath fill
 0 0 0 setrgbcolor
newpath 139.72874 230.3257 moveto
139.72874 230.63881 139.4749 230.89265 139.16179 230.89265 curveto
138.84868 230.89265 138.59483 230.63881 138.59483 230.3257 curveto
138.59483 230.01259 138.84868 229.75874 139.16179 229.75874 curveto
139.4749 229.75874 139.72874 230.01259 139.72874 230.3257 curveto
 closepath stroke
 1 1 1 setrgbcolor
newpath 23.76054 209.06487 moveto
23.76054 209.37798 23.5067 209.63182 23.19359 209.63182 curveto
22.88048 209.63182 22.62663 209.37798 22.62663 209.06487 curveto
22.62663 208.75175 22.88048 208.49791 23.19359 208.49791 curveto
23.5067 208.49791 23.76054 208.75175 23.76054 209.06487 curveto
 closepath fill
 0 0 0 setrgbcolor
newpath 23.76054 209.06487 moveto
23.76054 209.37798 23.5067 209.63182 23.19359 209.63182 curveto
22.88048 209.63182 22.62663 209.37798 22.62663 209.06487 curveto
22.62663 208.75175 22.88048 208.49791 23.19359 208.49791 curveto
23.5067 208.49791 23.76054 208.75175 23.76054 209.06487 curveto
 closepath stroke
 1 1 1 setrgbcolor
newpath 70.1477 209.06487 moveto
70.1477 209.37798 69.89386 209.63182 69.58075 209.63182 curveto
69.26764 209.63182 69.0138 209.37798 69.0138 209.06487 curveto
69.0138 208.75175 69.26764 208.49791 69.58075 208.49791 curveto
69.89386 208.49791 70.1477 208.75175 70.1477 209.06487 curveto
 closepath fill
 0 0 0 setrgbcolor
newpath 70.1477 209.06487 moveto
70.1477 209.37798 69.89386 209.63182 69.58075 209.63182 curveto
69.26764 209.63182 69.0138 209.37798 69.0138 209.06487 curveto
69.0138 208.75175 69.26764 208.49791 69.58075 208.49791 curveto
69.89386 208.49791 70.1477 208.75175 70.1477 209.06487 curveto
 closepath stroke
newpath -2.83478 220.40398 moveto
-2.83478 206.23009 lineto
11.33911 206.23009 lineto stroke
newpath 272.13867 206.23009 moveto
286.31256 206.23009 lineto
286.31256 220.40398 lineto stroke
newpath 272.13867 275.68214 moveto
286.31256 275.68214 lineto
286.31256 261.50826 lineto stroke
newpath -2.83478 261.50826 moveto
-2.83478 275.68214 lineto
11.33911 275.68214 lineto stroke
showpage
%%EOF
