%!PS
%%BoundingBox: -4 209 287 273 
%%HiResBoundingBox: -3.08478 209.52356 286.56256 272.38867 
%%Creator: MetaPost 2.00
%%CreationDate: 2019.11.25:1046
%%Pages: 1
%%BeginProlog
%%EndProlog
%%Page: 1 1
 0 0 0 setrgbcolor 0 0.5 dtransform truncate idtransform setlinewidth pop
 [] 0 setdash 1 setlinecap 1 setlinejoin 10 setmiterlimit
newpath 141.73889 269.3039 moveto
28.34778 240.95612 lineto stroke
newpath 141.73889 269.3039 moveto
85.04333 240.95612 lineto stroke
newpath 141.73889 269.3039 moveto
198.43445 240.95612 lineto stroke
newpath 198.43445 240.95612 moveto
155.91278 212.60834 lineto stroke
newpath 198.43445 240.95612 moveto
240.95612 212.60834 lineto stroke
 1 1 1 setrgbcolor
newpath 142.30585 269.3039 moveto
142.30585 269.617 142.052 269.87085 141.73889 269.87085 curveto
141.42578 269.87085 141.17194 269.617 141.17194 269.3039 curveto
141.17194 268.99078 141.42578 268.73694 141.73889 268.73694 curveto
142.052 268.73694 142.30585 268.99078 142.30585 269.3039 curveto
 closepath fill
 0 0 0 setrgbcolor
newpath 142.30585 269.3039 moveto
142.30585 269.617 142.052 269.87085 141.73889 269.87085 curveto
141.42578 269.87085 141.17194 269.617 141.17194 269.3039 curveto
141.17194 268.99078 141.42578 268.73694 141.73889 268.73694 curveto
142.052 268.73694 142.30585 268.99078 142.30585 269.3039 curveto
 closepath stroke
 1 1 1 setrgbcolor
newpath 28.91473 240.95612 moveto
28.91473 241.26923 28.66089 241.52307 28.34778 241.52307 curveto
28.03467 241.52307 27.78082 241.26923 27.78082 240.95612 curveto
27.78082 240.643 28.03467 240.38916 28.34778 240.38916 curveto
28.66089 240.38916 28.91473 240.643 28.91473 240.95612 curveto
 closepath fill
 0 0 0 setrgbcolor
newpath 28.91473 240.95612 moveto
28.91473 241.26923 28.66089 241.52307 28.34778 241.52307 curveto
28.03467 241.52307 27.78082 241.26923 27.78082 240.95612 curveto
27.78082 240.643 28.03467 240.38916 28.34778 240.38916 curveto
28.66089 240.38916 28.91473 240.643 28.91473 240.95612 curveto
 closepath stroke
 1 1 1 setrgbcolor
newpath 85.61029 240.95612 moveto
85.61029 241.26923 85.35645 241.52307 85.04333 241.52307 curveto
84.73022 241.52307 84.47638 241.26923 84.47638 240.95612 curveto
84.47638 240.643 84.73022 240.38916 85.04333 240.38916 curveto
85.35645 240.38916 85.61029 240.643 85.61029 240.95612 curveto
 closepath fill
 0 0 0 setrgbcolor
newpath 85.61029 240.95612 moveto
85.61029 241.26923 85.35645 241.52307 85.04333 241.52307 curveto
84.73022 241.52307 84.47638 241.26923 84.47638 240.95612 curveto
84.47638 240.643 84.73022 240.38916 85.04333 240.38916 curveto
85.35645 240.38916 85.61029 240.643 85.61029 240.95612 curveto
 closepath stroke
 1 1 1 setrgbcolor
newpath 199.0014 240.95612 moveto
199.0014 241.26923 198.74756 241.52307 198.43445 241.52307 curveto
198.12134 241.52307 197.8675 241.26923 197.8675 240.95612 curveto
197.8675 240.643 198.12134 240.38916 198.43445 240.38916 curveto
198.74756 240.38916 199.0014 240.643 199.0014 240.95612 curveto
 closepath fill
 0 0 0 setrgbcolor
newpath 199.0014 240.95612 moveto
199.0014 241.26923 198.74756 241.52307 198.43445 241.52307 curveto
198.12134 241.52307 197.8675 241.26923 197.8675 240.95612 curveto
197.8675 240.643 198.12134 240.38916 198.43445 240.38916 curveto
198.74756 240.38916 199.0014 240.643 199.0014 240.95612 curveto
 closepath stroke
 1 1 1 setrgbcolor
newpath 156.47974 212.60834 moveto
156.47974 212.92145 156.22589 213.1753 155.91278 213.1753 curveto
155.59967 213.1753 155.34583 212.92145 155.34583 212.60834 curveto
155.34583 212.29523 155.59967 212.04138 155.91278 212.04138 curveto
156.22589 212.04138 156.47974 212.29523 156.47974 212.60834 curveto
 closepath fill
 0 0 0 setrgbcolor
newpath 156.47974 212.60834 moveto
156.47974 212.92145 156.22589 213.1753 155.91278 213.1753 curveto
155.59967 213.1753 155.34583 212.92145 155.34583 212.60834 curveto
155.34583 212.29523 155.59967 212.04138 155.91278 212.04138 curveto
156.22589 212.04138 156.47974 212.29523 156.47974 212.60834 curveto
 closepath stroke
 1 1 1 setrgbcolor
newpath 241.52307 212.60834 moveto
241.52307 212.92145 241.26923 213.1753 240.95612 213.1753 curveto
240.643 213.1753 240.38916 212.92145 240.38916 212.60834 curveto
240.38916 212.29523 240.643 212.04138 240.95612 212.04138 curveto
241.26923 212.04138 241.52307 212.29523 241.52307 212.60834 curveto
 closepath fill
 0 0 0 setrgbcolor
newpath 241.52307 212.60834 moveto
241.52307 212.92145 241.26923 213.1753 240.95612 213.1753 curveto
240.643 213.1753 240.38916 212.92145 240.38916 212.60834 curveto
240.38916 212.29523 240.643 212.04138 240.95612 212.04138 curveto
241.26923 212.04138 241.52307 212.29523 241.52307 212.60834 curveto
 closepath stroke
newpath -2.83478 223.94745 moveto
-2.83478 209.77356 lineto
11.33911 209.77356 lineto stroke
newpath 272.13867 209.77356 moveto
286.31256 209.77356 lineto
286.31256 223.94745 lineto stroke
newpath 272.13867 272.13867 moveto
286.31256 272.13867 lineto
286.31256 257.96478 lineto stroke
newpath -2.83478 257.96478 moveto
-2.83478 272.13867 lineto
11.33911 272.13867 lineto stroke
showpage
%%EOF
