FILE_24_3_TFC_INC="24 24 72\
\n0 1 2 24 27 28 48 53 54 73 79 80 97 105 106 122 131 \
132 146 157 158 171 175 183 195 203 208 220 225 233 244 \
258 259 269 272 282 293 300 308 318 325 333 342 352 358 \
367 379 381 392 398 400 417 428 429 442 443 450 466 471 \
479 492 497 502 517 519 521 542 548 551 571 574 575 \
             48\
\n0 1 2 24 27 28 48 53 54 73 79 80 97 105 106 122 131 \
132 146 157 158 171 175 183 195 203 208 220 225 233 244 \
258 259 269 272 281 293 301 308 318 324 327 342 354 357 \
367 373 378 392 400 403 417 419 430 442 446 447 466 472 \
479 492 500 503 518 525 526 545 549 551 571 572 574 \
             48\
\n0 1 2 24 27 28 48 53 54 73 79 80 97 105 106 122 131 \
132 146 157 158 171 175 179 195 201 207 220 226 232 244 \
257 258 269 274 277 293 300 307 318 323 329 342 352 356 \
367 374 381 392 397 406 416 423 431 441 450 454 468 476 \
477 494 499 503 519 521 525 544 547 550 570 572 575 \
            144\
\n-1 3"
