HIGMAN_SIMS_GENS="0, 1, 2, 3, 4, 5, 10, 16, 17, 19, 6, 11, 18, 20, 21, 22, 7, 8, 12, 9, 13, 14, 15, 23, 27, 26, 25, 24, 30, 31, 28, 29, 33, 32, 35, 34, 36, 37, 38, 39, 41, 40, 43, 42, 44, 45, 46, 47, 50, 51, 48, 49, 55, 54, 53, 52, 57, 56, 59, 58, 63, 62, 61, 60, 65, 64, 67, 66, 70, 71, 68, 69, 72, 73, 74, 75, 79, 78, 77, 76, 83, 82, 81, 80, 89, 95, 99, 94, 97, 84, 92, 96, 90, 98, 87, 85, 91, 88, 93, 86,\
0, 1, 2, 3, 4, 5, 22, 21, 20, 18, 15, 11, 19, 17, 16, 10, 14, 13, 9, 12, 8, 7, 6, 23, 26, 27, 24, 25, 30, 31, 28, 29, 32, 33, 34, 35, 38, 39, 36, 37, 42, 43, 40, 41, 45, 44, 47, 46, 50, 51, 48, 49, 54, 55, 52, 53, 56, 57, 58, 59, 62, 63, 60, 61, 66, 67, 64, 65, 68, 69, 70, 71, 74, 75, 72, 73, 77, 76, 79, 78, 83, 82, 81, 80, 86, 96, 84, 93, 92, 99, 97, 95, 88, 87, 98, 91, 85, 90, 94, 89,\
0, 1, 2, 3, 4, 5, 12, 8, 7, 15, 18, 11, 6, 14, 13, 9, 17, 16, 10, 22, 21, 20, 19, 23, 24, 25, 26, 27, 31, 30, 29, 28, 35, 34, 33, 32, 38, 39, 36, 37, 41, 40, 43, 42, 46, 47, 44, 45, 50, 51, 48, 49, 53, 52, 55, 54, 59, 58, 57, 56, 61, 60, 63, 62, 65, 64, 67, 66, 68, 69, 70, 71, 73, 72, 75, 74, 76, 77, 78, 79, 81, 80, 83, 82, 95, 89, 91, 92, 93, 85, 94, 86, 87, 88, 90, 84, 99, 98, 97, 96,\
0, 1, 2, 3, 4, 5, 20, 19, 22, 16, 13, 11, 21, 10, 18, 17, 9, 15, 14, 7, 6, 12, 8, 23, 26, 27, 24, 25, 28, 29, 30, 31, 34, 35, 32, 33, 39, 38, 37, 36, 41, 40, 43, 42, 46, 47, 44, 45, 49, 48, 51, 50, 52, 53, 54, 55, 57, 56, 59, 58, 63, 62, 61, 60, 66, 67, 64, 65, 69, 68, 71, 70, 74, 75, 72, 73, 76, 77, 78, 79, 82, 83, 80, 81, 88, 98, 92, 91, 84, 97, 99, 87, 86, 95, 96, 93, 94, 89, 85, 90,\
0, 1, 2, 3, 11, 4, 9, 14, 15, 22, 17, 5, 13, 20, 19, 21, 10, 16, 18, 7, 12, 8, 6, 23, 25, 26, 24, 27, 31, 29, 28, 30, 36, 37, 38, 39, 42, 43, 40, 41, 34, 35, 32, 33, 47, 44, 46, 45, 58, 59, 56, 57, 50, 51, 48, 49, 52, 53, 54, 55, 66, 67, 64, 65, 70, 71, 68, 69, 60, 61, 62, 63, 78, 79, 76, 77, 81, 80, 83, 82, 75, 74, 73, 72, 85, 96, 86, 94, 91, 97, 98, 93, 89, 88, 99, 90, 84, 92, 95, 87,\
0, 1, 2, 8, 6, 7, 22, 21, 20, 15, 18, 12, 19, 9, 14, 13, 16, 10, 17, 11, 3, 5, 4, 24, 26, 25, 23, 27, 30, 37, 34, 43, 32, 40, 28, 36, 38, 41, 35, 31, 42, 29, 33, 39, 54, 51, 47, 57, 56, 44, 48, 52, 45, 55, 49, 58, 50, 46, 53, 59, 86, 88, 72, 64, 92, 95, 61, 81, 77, 69, 90, 94, 84, 87, 60, 80, 68, 76, 89, 85, 93, 91, 65, 73, 62, 99, 74, 83, 66, 96, 97, 67, 63, 75, 98, 82, 78, 70, 71, 79,\
0, 1, 2, 4, 3, 11, 17, 18, 10, 22, 7, 5, 16, 21, 20, 19, 6, 12, 8, 9, 13, 14, 15, 23, 27, 26, 25, 24, 35, 34, 33, 32, 28, 29, 30, 31, 42, 41, 43, 40, 37, 39, 38, 36, 49, 48, 51, 50, 47, 46, 45, 44, 56, 59, 57, 58, 53, 55, 54, 52, 62, 63, 61, 60, 72, 73, 74, 75, 78, 79, 77, 76, 65, 64, 67, 66, 71, 70, 68, 69, 82, 83, 81, 80, 90, 92, 99, 85, 97, 87, 95, 96, 89, 98, 84, 94, 86, 93, 88, 91,\
0, 1, 13, 21, 5, 6, 8, 3, 10, 20, 4, 18, 22, 7, 16, 11, 19, 17, 12, 9, 14, 2, 15, 40, 30, 39, 25, 35, 37, 31, 33, 26, 43, 23, 41, 42, 34, 27, 38, 29, 24, 32, 28, 36, 51, 67, 93, 97, 81, 71, 74, 55, 88, 56, 89, 60, 90, 79, 46, 96, 69, 83, 53, 75, 95, 62, 98, 58, 86, 44, 76, 87, 72, 68, 80, 52, 54, 70, 82, 73, 64, 84, 85, 48, 61, 92, 57, 47, 94, 77, 65, 66, 99, 45, 63, 50, 91, 49, 59, 78,\
0, 17, 8, 13, 7, 15, 9, 3, 19, 6, 12, 18, 2, 4, 5, 10, 22, 20, 16, 14, 21, 11, 1, 90, 47, 72, 37, 92, 97, 71, 35, 56, 42, 65, 87, 49, 85, 82, 27, 62, 78, 53, 28, 99, 81, 30, 51, 88, 94, 69, 24, 77, 86, 57, 43, 61, 34, 95, 64, 54, 60, 55, 39, 93, 96, 46, 40, 79, 25, 67, 89, 74, 91, 45, 33, 80, 58, 29, 84, 73, 70, 48, 98, 38, 31, 52, 36, 66, 75, 50, 63, 44, 26, 23, 68, 59, 32, 76, 83, 41,\
0, 7, 20, 3, 5, 8, 16, 13, 1, 17, 19, 21, 11, 14, 4, 2, 12, 15, 9, 6, 22, 10, 18, 69, 39, 49, 84, 91, 45, 60, 29, 65, 73, 55, 42, 80, 87, 33, 58, 93, 94, 77, 90, 24, 63, 46, 66, 28, 52, 74, 82, 41, 92, 57, 34, 88, 98, 26, 97, 76, 71, 23, 70, 68, 31, 67, 62, 44, 64, 30, 47, 61, 43, 81, 54, 72, 83, 40, 53, 75, 51, 37, 86, 95, 96, 78, 27, 89, 32, 59, 25, 56, 38, 79, 35, 36, 85, 99, 50, 48,\
51, 42, 91, 70, 85, 66, 82, 38, 21, 84, 4, 36, 2, 29, 65, 80, 28, 68, 13, 8, 41, 16, 99, 9, 44, 7, 64, 79, 5, 88, 76, 59, 17, 63, 67, 57, 61, 98, 46, 1, 89, 48, 22, 95, 32, 15, 56, 37, 30, 12, 23, 83, 20, 27, 40, 72, 19, 62, 71, 54, 18, 26, 39, 77, 93, 49, 10, 92, 24, 87, 35, 3, 33, 55, 14, 43, 45, 69, 6, 74, 11, 53, 90, 73, 60, 25, 31, 94, 86, 50, 97, 47, 58, 52, 75, 0, 81, 78, 96, 34,\
40, 77, 78, 21, 91, 6, 50, 63, 49, 45, 99, 92, 61, 1, 5, 47, 13, 18, 94, 66, 65, 59, 57, 44, 4, 41, 11, 46, 98, 53, 31, 97, 71, 19, 7, 27, 22, 70, 8, 25, 28, 52, 85, 89, 69, 93, 26, 95, 9, 54, 15, 30, 88, 84, 68, 24, 29, 17, 16, 55, 37, 83, 62, 51, 67, 58, 75, 33, 87, 86, 76, 0, 64, 56, 32, 72, 12, 20, 79, 23, 80, 36, 48, 60, 10, 82, 2, 90, 43, 39, 38, 3, 96, 42, 81, 14, 35, 34, 74, 73"
