CODE_BCH_F8_N63_K9_D43_GENMA="\
4,5,2,2,4,5,6,2,4,2,6,0,0,7,1,5,3,7,1,0,0,5,6,4,7,6,7,7,1,2,6,3,1,6,0,0,6,6,6,4,7,7,0,0,3,4,7,5,6,2,5,1,4,4,1,0,0,0,0,0,0,0,0,\
0,4,5,2,2,4,5,6,2,4,2,6,0,0,7,1,5,3,7,1,0,0,5,6,4,7,6,7,7,1,2,6,3,1,6,0,0,6,6,6,4,7,7,0,0,3,4,7,5,6,2,5,1,4,4,1,0,0,0,0,0,0,0,\
0,0,4,5,2,2,4,5,6,2,4,2,6,0,0,7,1,5,3,7,1,0,0,5,6,4,7,6,7,7,1,2,6,3,1,6,0,0,6,6,6,4,7,7,0,0,3,4,7,5,6,2,5,1,4,4,1,0,0,0,0,0,0,\
0,0,0,4,5,2,2,4,5,6,2,4,2,6,0,0,7,1,5,3,7,1,0,0,5,6,4,7,6,7,7,1,2,6,3,1,6,0,0,6,6,6,4,7,7,0,0,3,4,7,5,6,2,5,1,4,4,1,0,0,0,0,0,\
0,0,0,0,4,5,2,2,4,5,6,2,4,2,6,0,0,7,1,5,3,7,1,0,0,5,6,4,7,6,7,7,1,2,6,3,1,6,0,0,6,6,6,4,7,7,0,0,3,4,7,5,6,2,5,1,4,4,1,0,0,0,0,\
0,0,0,0,0,4,5,2,2,4,5,6,2,4,2,6,0,0,7,1,5,3,7,1,0,0,5,6,4,7,6,7,7,1,2,6,3,1,6,0,0,6,6,6,4,7,7,0,0,3,4,7,5,6,2,5,1,4,4,1,0,0,0,\
0,0,0,0,0,0,4,5,2,2,4,5,6,2,4,2,6,0,0,7,1,5,3,7,1,0,0,5,6,4,7,6,7,7,1,2,6,3,1,6,0,0,6,6,6,4,7,7,0,0,3,4,7,5,6,2,5,1,4,4,1,0,0,\
0,0,0,0,0,0,0,4,5,2,2,4,5,6,2,4,2,6,0,0,7,1,5,3,7,1,0,0,5,6,4,7,6,7,7,1,2,6,3,1,6,0,0,6,6,6,4,7,7,0,0,3,4,7,5,6,2,5,1,4,4,1,0,\
0,0,0,0,0,0,0,0,4,5,2,2,4,5,6,2,4,2,6,0,0,7,1,5,3,7,1,0,0,5,6,4,7,6,7,7,1,2,6,3,1,6,0,0,6,6,6,4,7,7,0,0,3,4,7,5,6,2,5,1,4,4,1"
